_ca 0 1179 3676 0 2 0 2 581 1603 SIL aw_
_ca 0 1229 3802 2 2 0 2 1020 1626 SIL aw_
_ca 0 1447 4834 2 2 2 2 409 3219 7j_ aw_
_ca 0 1307 3698 2 1 0 1 283 3359 SIL a_
_ca 0 1148 3578 2 1 2 1 373 4013 a_ a_
_ca 0 1080 3116 2 5 1 5 271 3532 Zn_ an_
_ca 0 925 2986 2 2 1 2 410 4636 AN_ aN_
_ca 0 1146 3944 2 1 6 1 257 1761 O_ a_
_ci 0 1217 4820 0 6 2 6 498 1472 aw_ i_
_ci 0 1256 3650 2 6 0 6 499 967 SIL i_
_ci 0 843 2778 2 6 0 6 741 1267 SIL i_
_ci 0 842 2778 2 6 0 6 741 1267 SIL i_
_ci 0 1019 2904 2 4 0 4 377 1841 SILS i_
_ci 0 947 4004 2 5 6 5 175 4576 Zm_ i_
_ci 0 899 2724 2 4 2 4 290 2674 u_ i_
_ci 0 1148 3266 2 4 2 4 261 2006 a_ i_
_cM 0 1209 3278 2 5 2 5 316 1792 a_ M_
_cM 0 615 1836 2 2 4 2 176 1775 UN_ MN_
_cM 0 594 1656 2 5 4 5 110 983 o_ Mk_
_cM 0 647 1784 2 5 4 5 155 1757 o_ Mk_
_cM 0 761 2074 2 5 6 5 104 2790 ot_ Mk_
_cM 0 982 2534 2 5 5 5 125 2561 In_ MN_
_cM 0 639 2244 2 5 0 5 115 1506 SIL M_
_cM 0 1050 2760 2 3 5 3 98 2820 on_ M_
_7 1 78 1952 2 1 3 1 961 126 am_ 7n_
_7 1 33 1300 2 1 3 1 1029 124 am_ 7n_
_7 0 32 1300 2 1 4 1 212 207 am_ 7n_
_7 0 77 1952 2 1 4 1 209 198 am_ 7n_
_7 0 30 1300 1 1 4 1 212 207 m_ 7n
_7 0 77 1952 1 1 4 1 209 198 m_ 7n
_7 0 533 2754 2 4 2 4 182 214 7_ 7_
_7 0 27 1522 2 4 5 4 276 249 MN_ 7_
7n_ 0 1152 2458 2 1 1 1 721 63 _7 _EX
7n_ 0 1612 3358 2 1 1 1 122 131 _7 _A
7n_ 0 1442 3156 2 1 1 1 182 244 _h7 _sE
7n_ 0 504 2106 2 1 1 3 399 451 _h7 _nU
7n_ 0 888 2206 2 1 1 5 188 278 _h7 _mM
7n_ 0 852 3868 2 1 1 2 205 128 _d7 _mi
7n_ 0 628 3314 2 1 1 4 186 228 _d7 _za
7n_ 0 569 2204 2 1 1 6 267 353 _h7 _mo
aw_ 0 1848 3976 2 2 2 6 734 102 _ca _ci
aw_ 0 1644 3418 2 2 2 1 1397 174 _ca _EX
aw_ 0 2085 4218 2 2 2 6 792 225 _va _GO
aw_ 0 841 1756 2 2 2 2 261 196 _va _Ja
aw_ 0 1134 3152 2 3 3 5 471 154 _la _TI
aw_ 0 638 1532 2 3 3 5 1494 668 _la _mY
aw_ 0 1042 2228 2 3 3 2 846 375 _la _la
aw_ 0 910 1932 2 3 3 5 906 555 _la _sE
i_ 0 1169 2660 2 6 6 0 500 239 _ci SIL
i_ 0 626 1394 2 6 6 4 1493 383 _ci _hO
i_ 0 2641 5434 2 1 1 0 110 339 _mi SIL
i_ 0 556 1330 2 6 6 6 277 350 _ci _d7
i_ 0 2324 4812 2 2 2 0 133 172 _zi SIL
i_ 0 1028 2660 1 6 6 0 144 344 ci SIL
i_ 0 555 1146 1 6 6 4 415 589 ci _h
i_ 0 2647 5434 1 1 1 0 110 339 mi SIL
_A 0 40 1750 2 1 2 1 1135 90 aw_ AN_
_A 0 35 1900 2 1 1 1 877 170 7n_ AN_
_A 0 75 1756 2 1 1 1 1039 177 7n_ AN_
_A 0 234 1216 2 1 0 1 1170 690 SIL AN_
_A 0 42 1750 1 1 2 1 545 137 w_ AN
_A 0 35 1900 1 1 1 1 426 237 n_ AN
_A 0 75 1756 1 1 1 1 540 267 n_ AN
_A 0 139 1216 1 1 0 1 685 910 SIL AN
AN_ 0 2477 6020 2 1 1 0 604 176 _A SIL
AN_ 0 2640 5432 2 1 1 0 585 137 _A SIL
AN_ 0 2988 6158 2 1 1 0 239 233 _A SIL
AN_ 0 1931 4112 2 1 1 1 219 237 _A _cO
AN_ 0 624 3518 2 2 2 5 126 125 _TA _fo
AN_ 0 776 5426 2 4 4 2 389 342 _kA _kO
AN_ 0 601 3794 2 1 1 2 320 307 _RA _zA
AN_ 0 679 3842 2 2 2 5 265 242 _zA _XA
_a 0 42 1772 2 1 4 1 1695 291 Oj_ aj_
_a 0 41 1772 1 1 4 1 973 447 j_ aj
_a 0 729 3132 2 5 5 5 558 401 Zn_ at_
_a 0 281 1802 2 5 0 5 479 184 SIL ak_
_a 0 404 2394 2 1 0 1 749 265 SIL aw_
_a 0 262 4236 2 1 2 1 533 447 a_ aj_
_a 0 320 3026 2 5 1 5 457 445 M_ ap_
_a 0 307 2576 2 1 0 1 675 404 SILS an_
_bE 0 706 2484 2 5 3 5 970 179 uo_ E_
_bE 0 1196 3692 2 2 5 2 488 339 an_ E_
_bE 0 1075 3690 2 5 6 5 296 337 Zw_ E_
_bE 0 1181 4044 2 2 6 2 209 210 an_ E_
_bE 0 693 2470 2 5 1 5 308 301 o_ E_
_bE 0 1177 4124 2 2 6 2 303 615 an_ E_
_bE 0 837 2508 2 6 6 6 298 245 Zp_ E_
_bE 0 1000 2960 2 5 5 5 431 263 Bw_ E_
_cO 0 673 1858 2 1 1 1 675 1858 AN_ O_
_cO 0 825 2414 2 5 0 5 187 2339 SIL ON_
_cO 0 854 2316 2 1 2 1 242 2547 am_ O_
_cO 0 735 2192 2 1 1 1 225 1792 oN_ O_
_cO 0 973 2750 2 5 6 1 134 2190 In_ O_
_cO 0 760 2244 2 1 2 1 148 1453 e_ O_
_cO 0 807 2514 2 1 6 1 204 1773 Bt_ O_
_cO 0 795 2326 2 1 5 1 238 2119 Mw_ O_
_d7 0 479 2010 2 6 6 6 1692 600 i_ 7j_
_d7 0 900 2950 2 2 6 2 248 377 Yk_ 7j_
_d7 0 751 2878 2 1 1 1 363 216 o_ 7n_
_d7 0 698 2364 2 1 1 1 294 363 M_ 7n_
_d7 0 971 3844 2 2 1 2 275 310 en_ 7j_
_d7 0 812 2244 2 3 5 3 288 203 up_ 7_
_d7 0 546 2344 2 3 2 3 196 192 i_ 7_
_d7 0 624 2050 2 3 5 3 283 330 up_ 7_
_GO 0 499 2042 2 6 2 6 1823 79 aw_ Oj_
_GO 0 727 2306 2 6 1 6 366 63 ew_ Oj_
_GO 0 791 2438 2 5 6 5 238 126 Uk_ Oj_
_GO 0 991 3256 2 1 1 1 483 71 u_ Om_
_GO 0 1149 3080 2 6 2 6 509 201 e_ Oj_
_GO 0 341 1866 2 6 6 6 2008 119 i_ Oj_
_GO 0 664 2286 2 6 4 6 2172 231 E_ Oj_
_GO 0 495 1636 2 6 1 6 2030 140 AN_ Oj_
_ha 0 970 3356 2 2 1 2 651 423 o_ a_
_ha 0 762 3682 2 2 4 2 462 517 U_ aN_
_ha 0 1256 3386 2 2 5 2 393 172 On_ aN_
_ha 0 726 2576 2 2 2 2 501 432 Zm_ aN_
_ha 0 1267 4122 2 5 0 5 639 344 SILP aj_
_ha 0 1969 4846 2 5 6 5 322 319 uk_ aj_
_ha 0 961 3982 2 5 1 5 436 484 i_ aj_
_ha 0 437 2206 2 2 2 2 416 302 a_ aN_
_hU 0 955 5018 2 1 2 1 666 109 a_ UN_
_hU 0 862 2848 2 5 0 5 184 197 SILS UN_
_hU 0 559 1950 2 5 1 5 157 94 Ew_ UN_
_hU 0 462 2390 2 4 4 4 104 103 AN_ UN_
_hU 0 1094 3228 2 1 5 1 225 209 7j_ UN_
_hU 0 612 2656 2 5 1 5 158 233 Ew_ UN_
_hU 0 417 2058 2 4 4 4 168 237 AN_ UN_
_hU 0 455 2556 2 4 4 4 192 357 AN_ UN_
_hO 0 355 2904 2 4 6 4 1725 234 i_ Oj_
_hO 0 1185 4050 2 3 5 3 1130 169 Yn_ Oj_
_hO 0 1102 3812 2 6 1 6 464 298 aj_ Op_
_hO 0 726 3426 2 6 5 6 381 106 iN_ O_
_hO 0 491 1732 2 6 0 6 566 156 SIL O_
_hO 0 551 1672 2 6 0 6 319 118 SIL O_
_hO 0 1125 4014 2 4 5 4 324 156 Uj_ Oj_
_hO 0 742 3022 2 6 0 6 602 195 SIL O_
_ka 0 418 1736 2 3 0 3 1125 247 SIL am_
_ka 0 313 1514 2 3 0 3 1862 341 SIL am_
_ka 0 419 1736 2 4 0 4 482 433 SIL am_
_ka 0 249 1514 2 4 0 4 857 562 SIL am_
_ka 0 1023 2716 2 5 4 5 362 512 7_ ak_
_ka 0 697 2284 2 5 1 5 197 342 en_ aj_
_ka 0 817 3172 2 4 5 4 650 426 Zt_ a_
_ka 0 1150 4680 2 5 4 5 552 279 a_ a_
_ko 1 1193 3352 2 1 3 1 1069 65 Oj_ o_
_ko 1 471 1934 2 1 0 1 1510 149 SIL o_
_ko 0 1070 2750 2 1 6 1 800 157 zj_ o_
_ko 0 752 2014 2 5 6 5 671 278 ot_ ok_
_ko 0 699 2818 2 1 1 1 1084 67 U_ o_
_ko 0 1066 4278 2 1 2 1 1226 84 7j_ o_
_ko 0 807 2566 2 1 4 1 230 100 Oj_ o_
_ko 0 473 1934 2 1 0 1 354 230 SIL o_
_kO 0 357 1806 2 5 0 5 1467 181 SIL O_
_kO 0 806 2302 2 5 3 5 441 77 aw_ O_
_kO 0 327 1630 2 5 0 5 1188 308 SIL O_
_kO 1 1375 4386 2 2 4 2 437 212 AN_ O_
_kO 0 807 2392 2 5 2 5 373 109 a_ O_
_kO 0 738 2680 2 2 0 2 851 117 SIL On_
_kO 0 812 2262 2 5 1 5 360 177 o_ Op_
_kO 0 472 1780 2 2 0 2 692 154 SIL On_
am_ 0 2159 4364 2 3 3 1 1075 150 _ka _7
am_ 0 1650 3420 2 3 3 1 1384 200 _ka _7
am_ 0 2452 5266 2 1 1 0 707 166 _ka SIL
am_ 0 2145 4364 2 4 4 1 414 239 _ka _7
am_ 0 1650 3420 2 4 4 1 608 189 _ka _7
am_ 0 1412 5426 2 6 6 3 637 187 _va _v7
am_ 0 913 4614 2 2 2 1 359 140 _la _cO
am_ 0 801 5254 2 2 2 1 532 239 _la _cZ
_kY 0 946 2398 2 4 6 4 130 108 E_ Y_
_kY 0 1020 2704 2 4 3 4 116 37 7_ Y_
_kY 0 917 3084 2 4 2 4 347 92 a_ Y_
_kY 0 570 1814 2 4 4 4 203 188 AN_ Y_
_kY 0 583 1746 2 4 1 4 187 85 MN_ Y_
_kY 0 922 3214 2 4 0 4 135 46 Bw_ Y_
_kY 0 969 2872 2 4 6 4 212 64 Qk_ Y_
_kY 0 843 2726 2 4 5 4 137 54 e_ Y_
_la 0 1244 3356 2 2 1 2 390 407 en_ a_
_la 0 1459 3888 2 3 2 3 419 119 a_ aw_
_la 0 886 2380 2 3 0 3 1012 532 SILP aw_
_la 0 1308 3212 2 3 2 3 367 239 i_ aw_
_la 0 1267 3416 2 2 3 2 480 232 aw_ am_
_la 0 686 2004 2 3 0 3 997 612 SILS aw_
_la 0 573 1726 2 3 0 3 642 345 SILS aw_
_la 0 1008 2994 2 2 3 2 617 346 aw_ am_
_m7 0 718 2670 2 2 0 2 214 147 SIL 7j_
_m7 0 1686 4662 2 2 1 2 152 128 a_ 7j_
_m7 0 1680 4314 2 5 5 5 110 47 ak_ 7j_
_m7 0 726 2338 2 5 0 5 303 162 SIL 7j_
_m7 0 1184 3462 2 5 1 5 166 157 AN_ 7j_
_m7 0 1051 4128 2 5 4 5 259 203 Im_ 7j_
_m7 0 946 2978 2 5 2 5 72 52 oj_ 7j_
_m7 0 994 3536 2 5 1 5 97 59 Zj_ 7j_
_mE 0 1172 3430 2 6 0 6 342 493 SIL E_
_mE 0 1005 2728 2 5 6 5 295 205 uk_ Et_
_mE 0 1613 4334 2 6 1 6 280 399 a_ E_
_mE 0 1174 3586 2 6 1 6 203 375 a_ E_
_mE 0 734 4318 2 2 1 2 244 423 On_ Ew_
_mE 0 1308 4560 2 2 1 2 156 242 On_ Ew_
_mE 0 1476 4202 2 5 1 5 196 245 o_ Et_
_mE 0 1079 3804 2 2 5 2 248 283 Zm_ Ew_
_mi 0 1836 5404 2 1 5 1 132 278 E_ i_
_mi 0 1283 3952 2 2 4 2 150 197 Y_ iN_
_mi 0 821 2400 2 2 1 2 202 258 7n_ iN_
_mi 0 1489 4150 2 2 5 2 237 314 Zj_ iN_
_mi 0 1304 4006 2 2 4 2 210 259 Y_ iN_
_mi 0 813 2256 2 2 5 2 257 199 uk_ iN_
_mi 0 1341 3412 2 2 1 2 191 211 i_ iN_
_mi 0 1362 3850 2 2 4 0 188 154 Y_ iN_
_mo 0 997 2938 2 6 6 6 139 79 7j_ ot_
_mo 0 814 2512 2 6 1 6 150 79 oj_ ot_
_mo 0 1138 3330 2 6 0 6 239 148 SILP ot_
_mo 0 868 2654 2 6 0 6 279 174 SIL ot_
_mo 0 1558 3916 2 6 1 6 198 122 M_ ot_
_mo 0 1374 3738 2 6 1 6 172 116 7_ ot_
_mo 0 1552 4118 2 2 6 2 151 63 aj_ o_
_mo 0 1258 3406 2 6 2 6 203 125 a_ ot_
_mY 0 1018 3104 2 5 1 5 181 64 oj_ Yn_
_mY 0 1046 3224 2 5 1 5 138 105 o_ Yn_
_mY 0 1307 3878 2 5 3 5 211 134 aw_ Yn_
_mY 0 1187 3916 2 1 2 1 192 110 In_ Y_
_mY 0 929 2926 2 5 1 5 174 54 oj_ Yn_
_mY 0 1137 3758 2 2 6 2 120 60 ot_ Y_
_mY 0 554 2378 2 5 1 5 104 90 QN_ Yn_
_mY 0 1171 4142 2 1 1 1 106 64 u_ Y_
_NB 0 1036 3412 2 1 5 1 223 449 O_ Bj_
_NB 0 918 2646 2 2 3 2 430 318 MN_ Bj_
_NB 0 1346 3964 2 1 2 1 163 534 a_ Bj_
_NB 0 1338 4012 2 5 5 5 170 358 Zt_ Bn_
_NB 0 1305 3606 2 2 2 2 389 408 a_ Bj_
_NB 0 1329 3844 2 5 5 5 186 317 a_ Bn_
_NB 0 1157 3762 2 2 6 2 326 241 iN_ Bj_
_NB 0 1125 3292 2 1 6 1 172 255 uN_ Bj_
_Ja 0 854 3006 2 2 6 2 253 447 Oj_ a_
_Ja 0 353 2244 2 1 2 1 230 235 Uj_ an_
_Ja 0 785 3710 2 4 1 4 414 318 an_ an_
_Ja 0 923 4112 2 2 2 2 291 277 aw_ a_
_Ja 0 1078 4044 2 2 5 2 400 412 O_ a_
_Ja 0 1090 5226 2 2 4 2 410 412 a_ a_
_Ja 0 1699 4438 2 1 2 1 167 415 Uj_ aw_
_Ja 0 502 2010 2 6 3 6 285 417 e_ aj_
_JE 0 1341 4312 2 5 5 5 90 182 at_ E_
_JE 0 1056 3726 2 6 6 6 224 472 Ik_ E_
_JE 0 631 2082 2 6 3 6 175 444 uN_ E_
_JE 0 1043 3308 2 6 2 6 109 333 am_ E_
_JE 0 943 4782 2 5 6 5 541 168 Zj_ E_
_JE 0 905 3286 2 5 2 5 612 141 7_ E_
_JE 0 573 2304 2 5 5 5 430 168 u_ E_
_JE 0 863 3034 2 5 4 5 424 163 I_ E_
_nU 0 1350 3446 2 5 5 5 122 192 ok_ Uk_
_nU 0 752 1984 2 5 5 5 187 232 Ak_ Uk_
_nU 0 1321 3734 2 3 1 3 194 196 7n_ U_
_nU 0 1107 2930 2 5 1 5 132 80 Ew_ Uk_
_nU 0 756 2898 2 5 2 5 133 118 uN_ Uk_
_nU 0 1378 3278 2 5 4 5 102 124 7_ Uk_
_nU 0 764 2308 2 5 5 5 121 130 Iw_ Uk_
_nU 0 1644 4496 2 2 2 5 117 209 e_ Uk_
_te 0 698 2258 2 1 1 1 328 859 oj_ en_
_te 0 1102 3612 2 5 5 5 361 369 uk_ et_
_te 0 569 2312 2 5 1 5 385 737 Bn_ et_
_te 0 724 2148 2 5 4 5 264 706 Y_ et_
_te 1 1152 3710 2 5 5 5 581 356 uk_ et_
_te 0 799 2420 2 1 6 1 313 306 am_ en_
_te 0 518 1846 2 5 5 5 489 766 uk_ et_
_te 0 574 2484 2 5 1 5 301 343 iN_ e_
_TU 0 916 2780 2 1 1 1 187 380 Bj_ U_
_TU 0 607 3420 2 2 2 2 156 312 iN_ UN_
_TU 0 1183 3756 2 2 0 2 162 238 SIL UN_
_TU 0 850 3976 2 2 1 2 106 390 aw_ U_
_TU 0 954 4024 2 2 1 2 180 233 M_ UN_
_TU 0 659 2408 2 2 0 2 214 464 SIL UN_
_TU 0 1058 3154 2 2 2 2 113 283 a_ U_
_TU 0 696 2812 2 1 4 1 117 316 on_ UN_
_to 0 315 1250 2 1 0 1 336 682 SIL oj_
_to 0 233 1242 2 1 0 1 283 359 SIL oj_
_to 0 259 1946 2 1 0 1 338 324 SIL oj_
_to 0 1135 4394 2 1 2 1 153 298 a_ oj_
_to 0 242 1272 2 1 0 1 236 253 SIL oj_
_to 1 568 1752 2 1 1 1 233 742 O_ oj_
_to 0 568 1752 2 1 1 1 233 742 O_ oj_
_to 0 992 3032 2 5 3 5 189 279 uj_ oj_
_Ra 0 1229 4292 2 2 5 2 531 3466 YN_ a_
_Ra 0 1153 4158 2 2 5 2 260 2633 YN_ a_
_Ra 0 762 2584 2 2 1 2 228 1178 QN_ aw_
_Ra 0 1019 2860 2 6 2 6 316 2401 iN_ aN_
_Ra 0 809 2426 2 4 5 4 168 2346 O_ aj_
_Ra 0 813 2672 2 1 4 1 250 1362 Im_ a_
_Ra 0 1191 3460 2 1 1 1 174 1382 i_ a_
_Ra 0 804 2466 2 4 5 4 215 1707 Ak_ a_
_Y 0 25 3178 2 5 1 5 517 145 o_ YN_
_Y 0 71 1594 2 5 1 5 151 48 oN_ YN_
_Y 0 32 3178 1 5 1 5 517 145 o_ YN
_Y 0 78 1594 1 5 1 5 151 48 N_ YN
_Y 0 1544 3948 2 5 1 5 144 1520 oN_ YN_
_Y 0 41 2350 2 5 1 5 161 39 Bn_ YN_
_Y 0 105 1992 2 5 6 5 1725 66 an_ YN_
_vZ 0 846 3092 2 6 1 6 350 377 aj_ Zj_
_vZ 0 461 2494 2 6 0 6 514 261 SIL Zj_
_vZ 0 1276 3850 2 1 0 1 274 263 SIL ZN_
_vZ 0 570 2164 2 3 4 3 143 222 an_ Zn_
_vZ 0 850 2846 2 6 1 6 355 273 M_ Zj_
_vZ 0 796 2532 2 6 1 6 331 222 Zn_ Zt_
_vZ 0 725 2216 2 6 6 6 362 321 Bp_ Zn_
_vZ 0 902 2554 2 3 2 3 274 296 i_ Zn_
_va 0 599 2998 2 2 1 2 803 320 oj_ aw_
_va 0 844 2150 2 2 5 2 197 197 E_ aw_
_va 0 445 1742 2 6 4 6 684 212 e_ am_
_va 0 566 2198 2 2 4 2 239 211 In_ aw_
_va 0 964 3440 2 2 1 2 769 205 Y_ aN_
_va 0 817 2512 2 2 1 2 435 229 uj_ aw_
_va 0 1049 3188 2 2 0 2 548 323 SIL a_
_va 0 714 2298 2 2 4 2 248 301 Yj_ a_
_Xo 0 1141 3234 2 1 0 1 300 247 SIL oN_
_Xo 0 967 2430 2 1 1 1 130 101 oj_ oN_
_Xo 1 1739 4008 2 1 0 1 193 108 SIL oN_
_Xo 1 1434 4456 2 4 4 4 298 135 a_ o_
_Xo 1 1695 3868 2 1 0 1 310 193 SIL oN_
_Xo 1 1427 3636 2 1 2 1 249 168 i_ oN_
_Xo 1 1449 3552 2 1 5 1 222 136 Ew_ oN_
_Xo 0 851 2354 2 1 2 1 226 149 UN_ oN_
_zi 0 1362 4402 2 2 2 2 130 817 uN_ i_
_zi 0 1221 4250 2 2 5 2 246 984 Yn_ i_
_zi 0 1529 4206 2 2 5 2 156 1020 Iw_ i_
_zi 0 1121 3294 2 1 1 1 214 424 i_ i_
_zi 0 1198 3366 2 1 5 1 157 735 ap_ i_
_zi 0 1341 3338 2 6 6 6 134 947 aj_ ik_
_zi 0 1561 4812 2 2 5 2 94 1076 aj_ i_
_zi 0 1509 5264 2 2 1 2 170 575 Zj_ i_
_zu 0 1035 2752 2 2 5 2 102 1470 Yn_ uN_
_zu 0 1512 3730 2 2 3 2 124 1153 aw_ uN_
_zu 0 1043 3208 2 2 0 2 132 1196 SIL u_
_zu 0 1737 4158 2 2 0 2 141 1409 SILS u_
_zu 0 1485 3866 2 6 6 3 160 1120 AN_ uN_
_zu 0 1050 3012 2 3 6 3 123 1428 AN_ uN_
_zu 0 1324 3684 2 2 0 2 170 988 SIL u_
_zu 0 1442 3564 2 3 5 3 135 1798 a_ uN_
a_ 0 1572 3304 2 2 2 1 544 481 _la _hU
a_ 0 3036 6380 2 2 2 0 256 187 _ha SIL
a_ 0 1315 2886 2 2 2 1 400 488 _Ja _to
a_ 0 1773 3932 2 2 2 5 493 436 _Ra _cM
a_ 0 2347 5278 2 2 2 0 262 195 _Ra SIL
a_ 0 1579 3304 1 2 2 1 544 481 la _h
a_ 0 2956 6380 1 2 2 0 256 187 ha SIL
a_ 0 1314 2886 1 2 2 1 400 488 Ja _to
aj_ 0 1707 3564 2 1 1 6 506 426 _a _vZ
aj_ 0 1228 3084 2 6 6 5 524 335 _la _kwa
aj_ 0 916 2100 2 1 1 5 556 613 _ha _ka
aj_ 1 824 1776 2 5 5 1 225 497 _ka _ta
aj_ 0 3412 6994 2 1 1 0 526 551 _ta SIL
aj_ 0 747 1630 2 6 6 2 749 540 _lwa _NU
aj_ 0 920 2674 2 6 6 1 841 470 _Nwa _o
aj_ 0 641 1328 2 5 5 5 327 556 _ka _ho
at_ 0 996 2690 2 5 5 5 678 623 _la _JE
at_ 0 727 3268 2 5 5 3 223 150 _a _zM
at_ 0 492 3086 2 6 6 6 549 87 _hwa _do
at_ 0 332 1320 2 5 5 1 415 296 _ha _rI
at_ 0 467 2608 2 5 5 3 322 244 _ha _JM
at_ 0 848 3208 2 5 5 2 337 339 _ha _vU
at_ 0 740 2938 2 6 6 6 519 296 _da _dU
at_ 0 1332 4126 2 5 5 0 265 284 _ka SIL
Bj_ 0 1946 4104 2 1 1 1 323 550 _NB _TU
Bj_ 0 796 1768 2 5 5 1 345 470 _mB _bB
Bj_ 0 898 1930 2 5 5 1 518 541 _mB _bB
Bj_ 0 800 1706 2 5 5 1 444 560 _mB _bB
Bj_ 0 745 1590 2 5 5 1 446 514 _mB _bB
Bj_ 0 943 5918 2 1 1 0 229 324 _nB SIL
Bj_ 0 505 4180 2 2 2 6 332 485 _nB _la
Bj_ 0 478 2782 2 1 1 2 618 683 _tB _kZ
E_ 0 2000 4648 2 6 6 4 401 608 _mE _kY
E_ 0 817 1730 2 5 5 1 372 462 _bE _mi
E_ 0 1980 4076 2 5 5 0 125 189 _JE SIL
E_ 0 1792 4638 1 6 6 4 398 604 mE _k
E_ 0 818 1730 1 5 5 1 372 462 bE _m
E_ 0 1912 4076 1 5 5 0 125 189 JE SIL
E_ 0 1016 2118 2 5 5 2 438 227 _GE _va
E_ 0 1539 3288 2 4 4 6 241 121 _kE _dU
en_ 0 481 1096 2 1 1 2 339 746 _te _la
en_ 0 504 3648 2 1 1 5 132 175 _Re _ka
en_ 0 727 4710 2 1 1 5 257 318 _le _tZ
en_ 0 916 2386 2 1 1 2 318 468 _be _la
en_ 0 609 2208 2 5 5 1 245 388 _de _JM
en_ 0 478 2614 2 5 5 6 302 251 _de _vI
en_ 0 649 5330 2 5 5 2 140 187 _de _ka
en_ 0 606 2924 2 5 5 2 323 508 _de _Ja
M_ 0 1955 4014 2 5 5 0 49 111 _cM SIL
M_ 0 1590 3280 2 3 3 6 100 234 _zM _zo
M_ 0 1552 3218 2 2 2 6 232 402 _tM _cu
M_ 0 1044 2208 2 1 1 6 171 211 _JM _vZ
M_ 0 523 1076 2 1 1 6 300 414 _JM _mo
M_ 0 1133 2354 2 6 6 1 204 384 _tM _JI
M_ 0 1062 2340 2 6 6 1 152 367 _tM _JI
M_ 0 1284 2940 2 6 6 5 126 292 _SM _to
U_ 0 1553 3344 2 1 1 1 155 206 _TU _ko
U_ 0 1315 2838 2 1 1 2 298 390 _mU _JI
U_ 0 2698 6350 2 4 4 0 175 195 _kU SIL
U_ 0 803 1714 2 1 1 2 210 243 _cU _dZ
U_ 0 1260 2758 2 4 4 4 420 468 _kU _So
U_ 0 548 2342 2 1 1 1 257 383 _cU _ba
U_ 0 813 1794 2 4 4 2 733 913 _kU _ha
U_ 0 2173 5874 2 2 2 0 111 152 _TU SILP
Uk_ 0 1469 3048 2 5 5 1 151 241 _nU _ka
Uk_ 0 1672 4762 2 6 6 0 200 236 _dU SIL
Uk_ 0 1071 2656 2 6 6 1 344 383 _dU _Xo
Uk_ 0 1866 5114 2 6 6 0 265 269 _dU SIL
Uk_ 0 715 1668 2 6 6 4 187 132 _dU _XwE
Uk_ 0 1200 3986 2 6 6 1 99 117 _dU _nY
Uk_ 0 1194 5630 2 6 6 0 187 169 _dU SILS
Uk_ 0 854 3060 2 6 6 1 187 209 _dU _fo
UN_ 0 2936 6030 2 1 1 0 118 92 _hU SIL
UN_ 0 1555 5482 2 2 2 0 139 164 _TU SILS
UN_ 0 1322 6970 2 2 2 0 116 94 _dU SILS
UN_ 0 1435 4380 2 2 2 4 130 166 _TU _ka
UN_ 0 683 3110 2 5 5 2 166 136 _hU _ve
UN_ 0 1268 5550 2 2 2 1 100 97 _RU _Xo
UN_ 0 1168 5904 2 2 2 2 118 116 _RU _kO
UN_ 0 708 4212 2 1 1 1 171 204 _fU _wI
o_ 0 968 2060 2 1 1 2 279 158 _ko _ha
o_ 0 540 1158 2 1 1 5 728 117 _ko _Y
o_ 0 615 1292 2 1 1 5 223 94 _ko _mY
o_ 0 2361 4892 2 1 1 0 215 87 _ko SIL
o_ 0 1798 3894 2 1 1 0 181 65 _ko SIL
o_ 0 1134 2502 2 1 1 6 202 113 _do _ho
o_ 0 2516 5128 2 1 1 0 155 34 _o SIL
o_ 0 2577 6508 2 5 5 0 169 78 _fo SILS
O_ 0 1013 2134 2 1 1 1 202 319 _cO _to
O_ 0 1160 2378 2 5 5 1 496 126 _kO _NB
O_ 0 1060 2274 2 5 5 3 723 242 _nO _da
O_ 0 366 824 2 5 5 3 732 209 _kO lE
O_ 0 1082 2230 2 5 5 3 679 396 _nO _sE
O_ 0 1579 3352 2 4 4 1 590 201 _kO _ra
O_ 0 2598 5414 2 2 2 4 888 318 _bO _de
O_ 0 1939 4624 2 4 4 5 255 94 _JO _ti
Oj_ 0 1146 2408 2 4 4 1 712 568 _hO _a
Oj_ 0 1423 3140 2 4 4 1 462 443 _hO _ko
Oj_ 0 1040 2192 2 6 6 2 799 185 _GO _Ja
Oj_ 0 1278 5766 2 4 4 0 489 185 _XO SILS
Oj_ 0 1114 3174 2 1 1 2 341 186 _kO _la
Oj_ 0 981 4288 2 4 4 2 378 157 _zO _la
Oj_ 0 256 876 2 4 4 2 280 179 _XO _be
Oj_ 0 683 3072 2 4 4 0 487 207 _XO _ka
oj_ 0 836 1932 2 1 1 1 249 311 _to _te
oj_ 0 821 1700 2 1 1 5 279 194 _to _mY
oj_ 0 1154 2472 2 1 1 2 315 191 _to _va
oj_ 0 2838 5906 2 1 1 0 120 156 _to SIL
oj_ 0 1146 2420 2 1 1 1 183 157 _to _Xo
oj_ 0 893 1936 2 1 1 6 252 187 _to _mo
oj_ 0 1127 4516 2 5 5 1 120 127 _to _tB
oj_ 0 440 2492 2 6 6 4 223 129 _zo _7
ok_ 0 956 1974 2 5 5 5 240 228 _ko _nU
ok_ 0 1325 4136 2 5 5 1 132 76 _ho _cU
ok_ 0 661 2638 2 5 5 6 185 199 _to _do
ok_ 0 890 3442 2 6 6 0 548 556 _lo SIL
ok_ 0 753 3950 2 6 6 0 273 299 _lo SIL
ok_ 0 673 2786 2 6 6 6 182 175 _lo _tM
ok_ 0 601 3348 2 5 5 5 268 93 _kwo _twZ
ok_ 0 697 4192 2 6 6 6 142 86 _bo _lo
oN_ 0 2553 5248 2 1 1 0 197 156 _Xo SIL
oN_ 0 1442 3062 2 1 1 5 104 34 _Xo _Y
oN_ 0 1149 8626 2 1 1 6 115 128 _o _mB
oN_ 0 669 3588 2 1 1 5 147 51 _o _dM
oN_ 0 1683 6340 2 5 4 2 94 46 _So _bB
oN_ 0 719 4134 2 1 1 1 228 88 _Xo _ra
oN_ 0 1842 7078 2 4 4 0 247 116 _ko SIL
oN_ 1 361 4256 2 1 1 4 247 102 _Xo _kU
ot_ 0 324 828 2 6 6 5 318 254 _mo _la
ot_ 0 983 2260 2 6 6 5 271 166 _mo _ko
ot_ 0 932 2808 2 6 6 3 262 219 _mo _Ga
ot_ 0 996 4604 2 6 6 0 167 118 _bo SIL
ot_ 0 1446 3476 2 6 6 1 255 230 _do _JI
ot_ 0 596 3032 2 6 6 1 339 313 _mo _be
ot_ 0 531 2270 2 6 6 1 214 241 _mo _Xu
ot_ 0 574 3314 2 6 6 5 139 135 _mo _cu
uN_ 0 1773 3588 2 2 2 2 88 85 _zu _zi
uN_ 0 2579 5302 2 2 2 0 192 72 _ku SIL
uN_ 0 1373 2910 2 5 5 1 75 54 _cu _ta
uN_ 0 545 5464 2 2 2 2 96 65 _zu _tI
uN_ 0 378 2648 2 5 5 1 91 67 _du _ra
uN_ 0 745 2398 2 3 3 4 244 67 _ku _cwZ
uN_ 0 429 3708 2 5 5 6 117 71 _du _mM
uN_ 0 1139 5248 2 3 3 2 161 66 _ku _ti
Y_ 0 632 1346 2 4 4 5 215 149 _kY _bE
Y_ 0 697 2488 2 4 4 4 145 52 _kY _kE
Y_ 0 833 2538 2 1 1 2 219 140 _mY _va
Y_ 0 1476 3796 2 4 4 1 500 247 _kY _ko
Y_ 0 637 1538 2 4 4 3 248 302 _kY _JM
Y_ 0 535 1792 2 4 4 5 199 138 _kY _te
Y_ 0 3366 7888 2 4 4 1 316 116 _kY _di
Y_ 0 940 1952 2 4 4 6 389 214 _kY _hQ
Yn_ 0 1371 2884 2 5 5 4 278 150 _mY _hO
Yn_ 0 1609 3372 2 5 5 2 143 166 _mY _zu
Yn_ 0 731 2884 2 1 1 6 235 176 _XY _mB
Yn_ 0 594 2154 2 1 1 6 387 201 _XY _mB
Yn_ 0 606 3992 2 5 5 2 212 168 _mY _zi
Yn_ 0 697 4238 2 2 2 1 223 116 _bY _vu
Yn_ 0 725 3778 2 5 5 4 217 110 _mY _R7
Yn_ 0 507 3392 2 1 1 3 235 185 _lY _Ni
YN_ 0 2178 4486 2 5 5 2 311 174 _Y _Ra
YN_ 0 2004 4320 2 5 5 2 128 70 _Y _Ra
YN_ 0 1745 6406 2 1 1 0 171 53 _vY SIL
YN_ 0 1516 6070 2 5 5 0 167 67 _sY SIL
YN_ 0 1042 4180 2 5 5 2 147 108 _sY _mU
YN_ 0 1053 4222 2 5 5 5 424 210 _hY _do
YN_ 0 1136 5136 2 5 5 0 113 71 _sY SILS
YN_ 0 751 4028 2 1 1 1 361 127 _bY _Ta
7j_ 0 1327 2906 2 6 6 6 637 622 _d7 _mo
7j_ 0 1469 3044 2 2 2 1 225 348 _m7 _ko
7j_ 0 879 1942 2 2 2 5 398 407 _R7 _sZ
7j_ 0 1276 2778 2 2 2 6 255 251 _R7 _la
7j_ 0 1546 3264 2 5 5 1 342 617 _v7 _ha
7j_ 0 1165 2390 2 2 2 5 339 443 _R7 _rZ
7j_ 0 555 1832 2 5 5 4 257 265 _v7 _kA
7j_ 0 1639 3642 2 2 2 2 197 320 _m7 _ca
Zj_ 0 2755 5770 2 6 6 0 340 386 _vZ SIL
Zj_ 0 2941 5972 2 6 6 1 483 539 _vZ _ko
Zj_ 0 873 1940 2 1 1 4 222 489 _kZ _kO
Zj_ 0 866 2132 2 6 6 6 308 480 _zZ _dU
Zj_ 0 1035 2220 2 1 1 5 428 623 _kZ _so
Zj_ 0 1030 3546 2 2 2 6 346 433 _dZ _cu
Zj_ 0 800 5088 2 6 6 0 359 433 _vZ SILS
Zj_ 0 854 3566 2 5 5 1 384 611 _TZ _ko
ZN_ 0 2795 6092 2 1 1 0 269 177 _vZ SIL
ZN_ 0 481 3586 2 1 1 6 271 168 _nZ _dU
ZN_ 0 823 5006 2 1 1 2 173 144 _nZ _kZ
ZN_ 0 499 3710 2 2 2 5 162 171 _tZ _ki
ZN_ 0 967 6156 2 1 1 0 968 162 _vZ SIL
_b 0 69 1046 1 5 4 5 56 7 Y_ bE
_c 0 0 1358 1 2 0 2 44 3491 SIL ca
_c 0 0 1364 1 6 2 6 31 3988 w_ ci
_c 0 0 1562 1 2 0 2 36 2771 SIL ca
_c 0 0 1674 1 6 0 6 26 2233 SIL ci
_c 0 0 1182 1 6 0 6 87 3169 SIL ci
_c 0 0 1400 1 5 2 5 45 4145 a_ cM
_c 0 0 848 1 1 1 1 75 4468 N_ cO
_d 0 59 1076 1 6 6 6 134 168 i_ d7
_G 0 0 836 1 6 2 6 90 84 w_ GO
_h 0 51 984 1 4 6 4 323 315 i_ hO
_h 0 16 1628 1 1 2 1 79 125 a_ hU
_h 0 478 2140 1 4 5 4 183 158 n_ hO
_h 0 0 1506 1 2 1 2 308 907 o_ ha
_k 0 0 1480 1 4 6 4 63 87 E_ kY
_k 0 0 2186 1 1 4 1 142 105 j_ ko
_k 0 0 562 1 4 0 4 226 360 SIL ka
_k 0 0 828 1 1 0 1 224 144 SIL ko
_k 0 0 500 1 4 0 4 341 534 SIL ka
_k 0 0 1804 1 1 6 1 133 324 j_ ko
_k 0 0 2180 1 5 6 5 158 355 t_ ko
_k 0 0 2228 1 1 1 1 134 382 k_ ka
_l 0 54 1620 1 2 1 2 78 342 n_ la
_l 0 13 1594 1 5 6 5 140 232 t_ la
_m 0 126 1400 1 6 0 6 48 11 SIL mE
_m 0 64 2440 1 1 5 1 46 15 E_ mi
_m 0 26 1344 1 5 1 5 77 12 j_ mY
_m 0 45 1328 1 6 6 6 71 34 j_ mo
_m 0 52 1668 1 5 1 5 53 25 o_ mY
_m 0 81 1350 1 6 1 6 61 15 j_ mo
_m 0 15 1278 1 2 0 2 54 19 SIL m7
_J 0 107 2540 1 5 5 5 48 28 t_ JE
_J 0 42 1214 1 2 6 2 72 23 j_ Ja
_n 0 35 1746 1 5 5 5 42 21 k_ nU
_N 0 48 1550 1 1 5 1 47 22 O_ NB
_t 0 0 496 1 1 0 1 109 946 SIL to
_t 0 0 1302 1 1 1 1 145 700 j_ te
_t 0 0 356 1 1 0 1 109 531 SIL to
_t 0 0 372 1 1 0 1 120 473 SIL to
_t 0 0 320 1 1 0 1 80 325 SIL to
_t 0 0 1052 1 1 1 1 122 1129 O_ to
_t 0 0 2154 1 1 2 1 39 448 a_ to
_T 0 0 1416 1 1 1 1 209 522 j_ TU
_R 0 0 1706 1 2 5 2 45 5382 N_ Ra
_R 0 0 1446 1 2 5 2 29 3864 N_ Ra
_v 0 13 1180 1 6 1 6 38 108 j_ vZ
_v 0 264 976 1 2 1 2 97 304 j_ va
_v 0 319 1064 1 6 0 6 42 100 SIL vZ
_X 0 0 1712 1 1 0 1 168 121 SIL Xo
_X 0 0 1414 1 1 1 1 95 100 j_ Xo
_z 0 0 1430 1 2 5 2 15 1516 n_ zu
_z 0 0 2218 1 2 2 2 35 975 N_ zi
7j 0 422 1752 1 6 6 6 741 762 d7 j_
7j 0 325 1880 1 2 2 2 277 393 m7 j_
7n 0 282 1034 1 1 1 1 227 147 _7 n_
7n 0 510 1644 1 1 1 1 166 182 _7 n_
Zj 0 471 2578 1 6 6 6 476 539 vZ j_
Zj 0 613 4754 1 6 6 6 535 566 vZ j_
ZN 0 884 2552 1 1 1 1 392 259 vZ N_
aj 0 479 1624 1 1 1 1 710 568 _a j_
am 0 852 2444 1 4 4 4 541 309 ka m_
am 0 571 1884 1 4 4 4 803 241 ka m_
am 0 1413 3578 1 1 1 1 327 313 ka m_
at 0 752 1844 1 5 5 5 794 732 la t_
aw 0 548 1414 1 2 2 2 374 173 ca w_
aw 0 485 1790 1 2 2 2 730 321 ca w_
aw 0 722 1954 1 2 2 2 1111 313 va w_
Bj 0 857 2886 1 1 1 1 374 609 NB j_
bE 0 269 1438 1 5 5 5 453 312 _b E_
ca 0 500 2318 1 2 2 2 278 2432 _c aw
ca 0 455 2240 1 2 2 2 627 3074 _c aw
ci 0 540 3456 1 6 6 6 163 2147 _c i_
ci 0 420 1976 1 6 6 6 174 1429 _c i_
ci 0 251 1596 1 6 6 6 449 1321 _c i_
cM 0 504 1878 1 5 5 5 184 2634 _c M_
cO 0 308 1010 1 1 1 1 269 2463 _c O_
d7 0 193 934 1 6 6 6 702 1009 _d 7j
en 0 328 868 1 1 1 1 378 821 te n_
AN 0 955 3082 1 1 1 1 406 348 _A N_
AN 0 880 3108 1 1 1 1 248 239 _A N_
AN 0 1087 2930 1 1 1 1 329 312 _A N_
AN 0 438 1616 1 1 1 1 330 357 _A N_
GO 0 82 1206 1 6 6 6 816 144 _G Oj
ha 0 146 1850 1 2 2 2 307 543 _h a_
hU 0 301 3390 1 1 1 1 165 209 _h UN
hO 0 356 2168 1 4 4 4 731 363 _h Oj
hO 0 346 1910 1 4 4 4 570 284 _h Oj
j_ 0 290 696 1 4 4 1 510 405 Oj _a
j_ 0 898 1940 1 1 1 6 195 243 aj _v
j_ 0 1550 3192 1 6 6 0 74 176 Zj SIL
j_ 0 573 1400 1 1 1 1 141 221 oj _t
j_ 0 138 400 1 1 1 5 113 29 oj _m
j_ 0 581 1522 1 4 4 1 161 277 Oj _k
j_ 0 451 1154 1 6 6 6 424 199 7j _m
j_ 0 306 776 1 1 1 2 79 109 oj _v
k_ 0 369 928 1 5 5 5 64 35 ok _n
k_ 0 975 2066 1 1 5 1 52 86 Uk _k
ka 0 82 1174 1 4 4 4 563 463 _k am
ka 0 62 1014 1 4 4 4 992 570 _k am
ka 0 116 1442 1 1 1 1 435 354 _k am
ko 0 100 1166 1 1 1 1 320 89 _k o_
ko 0 115 1106 1 1 1 1 416 256 _k o_
ko 0 166 946 1 1 1 1 254 141 _k o_
ko 0 46 586 1 5 5 5 361 401 _k ok
ko 0 112 1648 1 1 1 1 280 105 _k o_
ko 0 160 2446 1 1 1 1 331 92 _k o_
kO 0 69 1226 1 5 5 5 611 200 _k O_
kY 0 208 918 1 4 4 4 180 123 _k Y_
_ba 1 844 2388 2 1 0 1 1159 406 SIL aw_
_ba 0 869 2898 2 2 0 2 939 404 SIL a_
_ba 0 881 2510 2 2 0 2 934 262 SIL a_
_ba 0 864 2648 2 5 1 5 595 307 M7_ ak_
_ba 0 1456 3938 2 2 0 2 549 152 SIL a_
_ba 0 1204 3440 2 2 2 2 546 373 a_ a_
_ba 0 1136 3282 2 1 4 1 682 186 waN_ a_
_ba 0 848 2506 2 1 2 1 821 155 Bj_ aw_
_bi 0 1073 2962 2 6 1 6 274 508 Bj_ i_
_bi 0 1085 2808 2 6 2 6 184 261 a_ i_
_bi 0 1159 2982 2 2 2 2 145 237 aN_ iN_
_bi 0 957 2532 2 6 4 6 251 280 Zn_ i_
_bi 0 838 2692 2 6 1 6 185 282 Zn_ i_
_bi 0 1429 3428 2 6 1 6 252 429 Zn_ i_
_bi 0 627 1682 2 2 5 2 153 109 Mk_ iN_
_bi 0 1105 3226 2 6 2 6 202 271 o_ ik_
_bo 0 838 3008 2 5 0 5 331 234 SIL on_
_bo 0 878 3126 2 6 5 6 197 137 Zt_ ot_
_bo 0 925 2576 2 6 5 6 203 125 Ak_ ok_
_bo 0 968 2778 2 5 1 5 234 216 en_ on_
_bo 0 1324 4300 2 6 1 6 380 260 i_ o_
_bo 0 766 2950 2 6 5 6 298 180 In_ o_
_bo 0 1236 3606 2 6 3 6 252 150 aw_ o_
_bo 0 1105 4014 2 6 3 6 214 126 aw_ o_
_bO 0 1055 3628 2 2 1 2 808 262 UN_ O_
_bO 0 1426 4812 2 2 6 2 961 360 it_ O_
_bO 0 1009 3290 2 2 6 2 833 254 it_ O_
_bO 0 750 2966 2 2 5 2 778 243 Bp_ O_
_bO 0 981 3200 2 4 6 4 493 313 oN_ O_
_bO 0 992 3238 2 4 1 4 533 174 iN_ O_
_bO 0 1010 3170 2 4 4 4 323 87 aj_ O_
_bO 0 397 2286 2 4 5 4 607 72 ut_ O_
_cU 0 977 3182 2 1 1 1 204 4759 Em_ U_
_cU 0 779 3976 2 1 5 1 163 2223 Zw_ U_
_cU 0 1174 3572 2 1 5 1 202 1789 ok_ U_
_cU 0 703 1932 2 1 0 1 371 3318 SILS U_
_cU 0 860 2616 2 1 0 1 370 3313 SILP U_
_cU 0 893 2688 2 5 4 5 189 1675 u_ U_
_cU 0 1068 3290 2 1 3 1 89 1461 Zn_ U_
_cU 0 779 2126 2 1 1 1 175 3909 MN_ U_
_cu 0 786 2108 2 5 0 5 120 2351 SIL uN_
_cu 0 593 1852 2 6 2 6 202 2258 M_ uk_
_cu 0 997 3136 2 1 2 1 308 1706 a_ uj_
_cu 0 860 2382 2 6 2 6 256 2593 Zj_ uk_
_cu 0 973 3386 2 5 6 5 122 1089 ot_ ut_
_cu 0 640 2048 2 5 0 5 215 2275 SIL uk_
_cu 0 752 2612 2 4 2 4 215 2069 Uj_ u_
_cu 0 640 1708 2 5 0 5 171 2573 SIL uk_
_da 0 1147 3212 2 5 0 5 521 273 SIL aN_
_da 0 390 1906 2 3 5 3 855 416 O_ a_
_da 0 419 1990 2 2 2 2 995 707 Uj_ an_
_da 0 734 2636 2 2 0 2 741 421 SIL an_
_da 0 493 1620 2 3 1 3 755 597 Em_ a_
_da 0 770 2736 2 2 3 2 358 236 a_ an_
_da 0 550 1816 2 2 3 2 439 225 a_ an_
_da 0 976 2824 2 3 2 3 467 424 a_ a_
_di 0 769 2324 2 1 5 1 303 428 Et_ i_
_di 0 1040 2722 2 1 0 1 281 637 SIL i_
_di 0 994 2994 2 1 1 1 373 535 MN_ i_
_di 0 757 2736 2 1 6 1 320 525 Zw_ i_
_di 0 651 2886 2 1 1 1 292 679 oj_ i_
_di 0 635 2014 2 1 1 1 326 638 a_ i_
_di 0 711 2800 2 1 3 1 243 358 ie_ i_
_di 0 1000 2904 2 1 6 1 207 408 oN_ i_
_dU 0 643 2326 2 6 5 6 243 198 YN_ Uk_
_dU 0 442 1410 2 6 1 6 387 529 en_ Uk_
_dU 0 639 2190 2 6 1 6 269 245 oN_ Uk_
_dU 0 692 3710 2 6 6 6 139 229 Zj_ Uk_
_dU 0 1424 3866 2 6 4 6 127 267 E_ Uk_
_dU 0 1045 3970 2 6 2 6 216 222 BN_ Uk_
_dU 0 940 3728 2 2 1 2 181 167 a_ UN_
_dU 0 670 2242 2 6 0 6 251 351 SIL Uk_
_do 1 699 2364 2 1 2 1 426 419 Y_ oN_
_do 0 715 2674 2 2 2 2 458 423 in_ oN_
_do 0 699 2364 2 1 2 1 426 419 Y_ oN_
_do 0 636 2528 2 1 5 1 248 162 on_ o_
_do 0 780 2490 2 6 0 6 371 410 SILS ot_
_do 0 851 2970 2 6 1 6 645 588 i_ oN_
_do 0 930 2452 2 6 6 6 396 305 at_ oN_
_do 0 824 2654 2 6 5 6 298 253 ok_ o_
_h7 0 471 2784 2 1 1 1 160 253 AN_ 7n_
_h7 0 597 2464 2 6 0 6 479 351 SIL 7p_
_h7 0 548 2040 2 1 0 1 302 217 SILS 7n_
_h7 0 746 2766 2 1 1 1 132 193 aw_ 7n_
_h7 0 1067 3456 2 1 5 1 179 251 7j_ 7n_
_h7 0 442 1940 2 6 2 6 95 138 UN_ 7p_
_h7 0 1243 4108 2 1 4 1 97 178 a_ 7n_
_h7 0 1017 3420 2 1 5 1 169 203 e_ 7n_
_hB 0 1252 3074 2 1 5 1 431 466 ap_ Bj_
_hB 0 541 1982 2 1 2 1 476 513 Y_ Bj_
_hB 0 1242 4010 2 1 0 1 450 570 SIL Bj_
_hB 0 531 2462 2 1 2 1 399 611 Uj_ Bj_
_hB 0 954 2728 2 1 0 1 642 390 SIL Bj_
_hB 0 1244 3260 2 3 2 3 374 451 iN_ Bj_
_hB 0 986 3272 2 1 0 1 390 244 SIL Bj_
_hB 0 696 2604 2 1 1 1 373 382 am_ Bj_
_kZ 0 585 2302 2 1 2 1 314 601 i_ Zj_
_kZ 0 1041 2794 2 6 6 6 460 651 i_ Zn_
_kZ 0 482 1866 2 6 0 6 739 759 SIL Zw_
_kZ 0 755 2328 2 1 1 1 272 479 Zj_ Zj_
_kZ 0 504 1912 2 6 5 6 718 835 e_ Zw_
_kZ 0 607 2372 2 1 4 1 299 307 U_ Zn_
_kZ 0 470 1834 2 2 4 2 631 711 i_ Zn_
_kZ 0 891 2866 2 6 1 6 345 411 o_ Zw_
_kB 1 497 1912 2 6 5 6 718 835 e_ Bw_
_kB 0 1033 2960 2 2 1 2 647 459 o_ Bn_
_kB 0 1068 3162 2 2 1 2 645 675 o_ Bn_
_kB 0 1037 2854 2 2 1 2 324 275 o_ Bn_
_kB 0 966 2726 2 1 6 1 283 327 o_ BN_
_kB 0 828 2190 2 1 1 1 207 418 e_ Bn_
_kB 0 894 2340 2 5 2 5 375 489 Zw_ Bt_
_kB 0 485 1472 2 6 0 6 581 660 SILP Bp_
_lZ 0 1070 3134 2 1 1 1 533 377 Iw_ Zw_
_lZ 0 1011 3206 2 1 0 1 509 526 SIL Zw_
_lZ 0 1210 2962 2 2 0 2 263 445 SIL Zn_
_lZ 0 996 2930 2 5 0 5 244 229 SIL Zn_
_lZ 0 1097 2998 2 2 4 2 366 273 oj_ Zm_
_lZ 0 1657 4106 2 6 6 6 170 221 aj_ Zp_
_lZ 0 669 2046 2 6 5 6 235 152 Yn_ Zp_
_lZ 0 1146 3118 2 2 3 2 383 444 oj_ Zn_
_ma 0 1172 3362 2 2 2 2 335 212 i_ a_
_ma 0 1125 3150 2 2 0 2 689 381 SIL a_
_ma 0 994 3024 2 1 5 1 387 326 aN_ aj_
_ma 0 1237 4158 2 2 0 2 1051 306 SILS a_
_ma 0 877 3540 2 3 2 3 462 144 On_ aj_
_ma 0 968 2672 2 1 5 1 269 124 uk_ aN_
_ma 0 791 2806 2 6 3 6 472 418 aN_ an_
_ma 0 705 2134 2 2 0 2 503 186 SIL a_
_mB 0 849 2786 2 5 1 5 258 233 i_ Bj_
_mB 0 885 2910 2 5 1 5 353 350 i_ Bj_
_mB 0 817 2408 2 5 2 5 285 237 i_ Bj_
_mB 0 1289 3416 2 5 5 5 328 249 Zw_ Bj_
_mB 0 1519 4026 2 6 5 6 434 165 OG_ t_
_mB 0 1200 3448 2 5 1 5 460 213 E_ Bj_
_mB 0 870 2348 2 6 1 6 397 97 oN_ Bt_
_mB 0 1180 3334 2 6 1 6 296 114 Yn_ Bt_
_mU 0 1344 4446 2 1 1 1 188 167 u_ U_
_mU 0 1243 3180 2 1 1 1 178 179 a_ Uj_
_mU 0 798 2696 2 1 5 1 199 373 on_ Uj_
_mU 0 1522 4466 2 1 4 1 120 133 e_ U_
_mU 0 1049 3288 2 1 5 1 121 71 Uk_ U_
_mU 0 1159 3020 2 1 1 1 153 159 a_ Uj_
_mU 0 1353 3610 2 1 5 1 81 82 on_ Uj_
_mU 0 762 3364 2 2 5 2 156 151 aN_ Uj_
_nB 0 875 2754 2 2 3 2 509 367 o_ Bj_
_nB 0 652 3024 2 1 1 1 1002 743 om_ Bj_
_nB 0 904 2558 2 1 6 1 246 121 uk_ Bm_
_nB 0 1344 3896 2 1 1 1 193 153 Bm_ Bj_
_nB 0 1173 3820 2 2 6 2 411 215 Mk_ Bj_
_nB 0 1138 3324 2 2 6 2 262 154 uk_ Bj_
_nB 0 1248 3736 2 1 6 1 395 310 In_ Bj_
_nB 0 548 2486 2 2 1 2 514 431 uj_ Bj_
_ne 0 1195 3442 2 1 0 1 270 286 SIL en_
_ne 0 987 2852 2 5 0 5 213 309 SIL ew_
_ne 0 1113 3448 2 1 1 1 173 227 Zj_ en_
_ne 0 419 1586 2 5 0 5 340 539 SIL ew_
_ne 0 903 2392 2 5 0 5 212 268 SILS ew_
_ne 0 471 1814 2 2 0 2 312 455 SIL en_
_ne 0 614 2038 2 1 0 1 238 396 SIL en_
_ne 0 1000 2872 2 1 0 1 274 358 SIL en_
_nO 0 1819 5148 2 5 2 5 404 194 a_ O_
_nO 0 1096 3248 2 5 0 5 508 174 SIL O_
_nO 0 957 2800 2 5 5 5 300 222 wa_ ON_
_nO 0 736 3076 2 5 1 5 756 210 Em_ Oj_
_nO 0 1511 4774 2 1 5 1 205 134 a_ On_
_nO 0 919 4224 2 5 6 5 237 98 Bt_ O_
_nO 0 1391 5596 2 1 1 1 431 124 Bn_ O_
_nO 0 1166 3104 2 5 2 5 191 84 a_ O_
_ra 0 1499 5308 2 1 5 1 525 1331 i_ a_
_ra 0 1458 3740 2 1 4 1 329 779 O_ a_
_ra 0 1157 3688 2 1 2 1 320 573 in_ a_
_ra 0 1621 5080 2 1 1 1 311 497 oN_ a_
_ra 0 1782 5110 2 1 1 1 434 900 aw_ a_
_ra 0 1371 4106 2 1 5 1 521 1047 uN_ a_
_ra 0 1537 4214 2 1 1 1 447 1240 In_ a_
_ra 0 1360 4380 2 1 2 1 319 981 aj_ a_
_ta 0 711 2722 2 1 5 1 706 629 aj_ aj_
_ta 0 310 1430 2 1 5 1 1019 774 uG_ a_
_ta 0 997 2482 2 2 5 2 433 444 uj_ aj_
_ta 0 907 2464 2 1 1 1 435 357 O_ aj_
_ta 0 399 1712 2 1 0 1 878 390 SIL aj_
_ta 0 438 1756 2 6 1 6 684 464 iN_ aj_
_ta 0 639 2036 2 5 5 5 319 291 aN_ ak_
_ta 0 645 4416 2 1 1 1 362 355 i_ a_
_R7 1 693 2988 2 2 2 2 315 3899 i_ 7j_
_R7 0 692 2988 2 2 2 2 315 3899 i_ 7j_
_R7 0 1006 3482 2 2 2 2 190 2806 i_ 7j_
_R7 0 876 2762 2 2 1 2 265 4865 Bj_ 7j_
_R7 0 771 2164 2 4 5 4 194 2271 Yn_ 7_
_R7 0 1193 3310 2 2 4 2 154 3237 e_ 7j_
_R7 0 1189 3770 2 2 1 2 236 2834 Zn_ 7j_
_R7 0 982 3184 2 4 5 4 161 1205 Bk_ 7_
_v7 0 1012 3414 2 6 0 6 553 469 SIL 7_
_v7 0 1174 3836 2 5 2 5 228 253 Zw_ 7j_
_v7 0 692 2360 2 3 6 3 162 227 am_ 7_
_v7 0 381 1734 2 5 0 5 354 301 SIL 7j_
_v7 0 1083 3114 2 5 0 5 237 157 SIL 7j_
_v7 0 803 2548 2 5 6 5 228 268 7p_ 7j_
_v7 0 591 1886 2 5 1 5 134 174 O_ 7j_
_v7 0 1199 3458 2 5 5 5 136 108 uk_ 7j_
_vo 0 826 3094 2 1 6 1 243 144 Ep_ o_
_vo 0 554 2788 2 1 0 1 230 118 SIL oj_
_vo 0 1156 3278 2 6 5 6 254 138 oN_ oj_
_vo 0 973 2812 2 3 3 3 224 109 E_ o_
_vo 0 739 2628 2 1 6 1 234 115 Bp_ o_
_vo 0 935 2796 2 5 0 5 194 172 SILS on_
_vo 0 1142 3602 2 1 3 1 208 109 oj_ o_
_vo 0 970 2924 2 5 0 5 297 123 SIL on_
_sY 0 1544 3948 2 5 1 5 144 1520 oN_ YN_
_sY 0 1611 4032 2 5 6 5 186 2042 ut_ YN_
_sY 0 1893 5514 2 5 4 5 109 1319 aj_ YN_
_sY 0 1812 4936 2 5 1 5 105 1295 7j_ YN_
_RA 0 738 2190 2 1 0 1 508 4500 SIL AN_
_RA 0 1235 3228 2 5 5 5 171 4465 i_ AN_
_RA 0 670 1966 2 5 0 5 356 3497 SIL AN_
_RA 0 630 1860 2 5 0 5 207 2182 SILS AN_
7_ 0 1825 3940 2 2 2 4 209 278 _l7 _7
7_ 0 946 2126 2 4 4 5 150 226 _7 _ka
7_ 0 1051 2288 2 4 4 4 185 165 _7 _kU
7_ 0 1735 3618 2 3 3 4 239 192 _v7 _kY
7_ 0 1085 2362 2 4 4 1 134 116 _7 _XY
7_ 0 1632 3336 2 2 2 2 164 190 _J7 _J7
7_ 0 2360 4938 2 2 2 0 113 93 _J7 SIL
7_ 0 1002 2108 2 4 4 6 247 255 _7 _Nwa
_B 0 182 1534 2 1 1 1 760 589 am_ Bn_
_B 0 80 2270 2 1 5 1 440 254 uk_ Bn_
_B 0 427 2066 2 1 5 1 851 290 M_ Bn_
_B 0 576 2342 2 1 2 1 461 148 am_ Bn_
_B 0 22 1482 2 1 2 1 628 350 U_ Bn_
_B 0 15 1746 2 1 1 1 623 554 Bj_ Bn_
_bB 0 778 2362 2 2 5 2 532 279 oN_ BN_
_bB 0 1122 2794 2 2 1 2 365 159 O_ BN_
_bB 0 858 2220 2 5 0 5 577 134 SIL Bt_
_bB 0 649 1934 2 2 5 1 544 255 uN_ BN_
_bB 0 687 2202 2 2 1 2 428 260 Zn_ BN_
_bB 0 913 2408 2 2 0 2 333 216 SIL BN_
_bB 0 1222 3268 2 2 6 2 213 126 In_ BN_
_be 0 912 2720 2 1 6 1 244 435 ot_ en_
_be 0 739 2192 2 1 1 1 70 47 i_ e_
_be 0 438 1722 2 1 1 1 186 307 aN_ en_
_be 0 1103 3182 2 1 2 1 123 103 M_ en_
_bQ 0 932 2552 2 5 4 5 169 73 In_ QN_
_bQ 0 967 2712 2 5 5 5 525 140 a_ QN_
_bQ 0 960 2710 2 1 2 1 392 133 aN_ QN_
_c7 0 1027 3370 2 6 6 6 319 3436 Op_ 7_
_cB 0 635 2334 2 5 1 5 340 3082 On_ Bw_
_cB 0 1032 3124 2 5 1 5 277 2560 On_ Bw_
_cB 0 829 2938 2 5 1 5 455 1512 O_ Bj_
_cB 0 1174 3286 2 6 2 6 246 3065 oN_ Bt_
_cwZ 0 882 2576 2 4 3 4 170 1038 uN_ Zn_
_cZ 0 704 1996 2 5 2 5 126 2130 BN_ Zt_
_cZ 0 890 2546 2 1 2 1 184 3818 am_ Zn_
_cZ 0 963 2632 2 1 1 1 172 3661 In_ Zn_
_bY 0 836 3134 2 2 3 2 293 92 MN_ Yn_
_dB 0 679 2152 2 6 5 6 487 386 Et_ Bk_
_dB 0 206 1712 2 6 0 6 457 267 SILS Bk_
_de 0 1052 3216 2 4 5 4 279 426 Zt_ e_
_de 0 812 2274 2 5 6 5 236 547 Zp_ en_
_de 0 696 2366 2 5 2 5 329 454 aj_ en_
_de 0 555 2670 2 5 1 5 306 395 In_ en_
_de 0 599 2160 2 5 1 5 369 755 In_ en_
_de 0 673 2196 2 4 2 4 199 300 In_ e_
_de 0 664 1872 2 5 5 5 220 204 Bk_ en_
_de 0 663 2304 2 5 6 5 254 400 Mk_ en_
_dI 0 504 2284 2 2 3 2 177 197 MN_ Iw_
_dI 0 852 2642 2 2 5 2 216 367 7j_ Iw_
_dI 0 1051 3718 2 2 0 2 323 618 SIL Iw_
_dI 0 1053 2900 2 2 6 2 254 343 aw_ Iw_
_dM 0 1052 2712 2 5 1 5 165 167 oN_ MN_
_dO 0 832 2362 2 5 0 5 369 320 SIL O_
_dO 0 1043 4156 2 5 2 5 405 177 aw_ O_
_dO 0 799 3450 2 5 1 5 562 276 i_ O_
_dO 0 785 2276 2 5 0 5 446 345 SIL O_
_dO 0 766 3772 2 5 4 5 338 160 am_ O_
_dQ 0 887 3158 2 6 5 6 775 389 BN_ QN_
_dQ 0 820 2902 2 6 4 6 821 318 i_ Qk_
_du 0 915 2430 2 5 0 5 130 120 SIL uN_
_du 0 1319 3428 2 5 1 5 156 156 o_ uN_
_dZ 0 712 2952 2 2 5 2 238 297 aj_ Zw_
_dZ 0 894 3430 2 2 1 2 374 476 U_ Zj_
_dZ 0 803 2700 2 2 2 2 230 352 Uj_ Zw_
_dZ 0 827 3352 2 1 1 1 356 356 i_ Zj_
_dZ 0 557 2514 2 5 1 5 223 250 i_ Zw_
_dZ 0 1045 3080 2 2 5 2 259 313 aj_ Zw_
_dZ 0 807 3944 2 2 5 2 331 281 Mk_ Zw_
_dZ 0 656 2452 2 2 0 2 221 381 SIL Zj_
_E 0 157 2214 2 1 2 1 364 634 in_ Em_
_E 0 356 2062 2 1 5 1 441 665 7_ Em_
_E 0 193 4144 2 1 2 1 372 379 iN_ Em_
_E 0 459 2566 2 1 5 1 267 370 O_ Em_
_fa 0 1097 2848 2 1 5 1 323 328 an_ aw_
_fa 0 849 2650 2 1 5 1 550 265 an_ aw_
_fa 0 1120 2998 2 1 5 1 287 230 an_ aw_
_fa 0 1341 3534 2 6 5 6 499 295 AN_ am_
_fa 0 1005 2792 2 6 1 6 331 280 aj_ am_
_fa 0 673 1970 2 4 2 4 266 285 UN_ aj_
_fa 0 892 2282 2 4 3 4 126 171 Zn_ aj_
_fi 0 1251 3724 2 5 6 5 219 428 Qk_ i_
_fi 0 1402 4112 2 1 1 1 282 588 QN_ im_
_fi 0 1119 3072 2 1 2 1 373 502 am_ im_
_fo 0 1188 4920 2 5 2 5 224 200 AN_ o_
_fo 0 913 2646 2 1 6 1 134 212 Uk_ o_
_fQ 0 1023 2624 2 1 5 1 235 263 e_ QN_
_fQ 0 802 2180 2 2 2 2 213 368 aN_ QN_
_fQ 0 1615 4282 2 5 4 5 162 241 aj_ QN_
_fU 0 1971 4714 2 1 0 1 170 362 SIL UN_
_fZ 0 862 2966 2 2 6 2 288 249 ot_ Zn_
_fZ 0 848 2434 2 6 5 6 204 186 o_ Zn_
_fZ 0 1508 4030 2 6 6 6 284 342 ot_ Zn_
_G7 0 1069 2914 2 4 4 4 132 169 a_ 7j_
_Ga 0 903 3410 2 3 6 3 596 263 ot_ a_
_Ga 0 380 1822 2 3 0 3 715 710 SIL a_
_Ga 0 1009 2756 2 5 1 5 390 340 Zn_ ak_
_GB 0 673 2006 2 6 3 6 610 269 u_ Bp_
_GB 0 900 2552 2 6 1 6 445 293 i_ Bp_
_GB 0 549 1956 2 6 2 6 360 291 MN_ Bp_
_GE 0 912 3302 2 5 0 5 359 239 SIL E_
_Gi 0 616 2284 2 1 2 1 202 484 an_ i_
_he 0 476 2218 2 5 6 5 136 322 oN_ et_
_he 0 858 4066 2 0 0 0 218 275 Uk_ et_
_he 0 317 1936 2 6 1 6 203 323 an_ e_
_he 0 623 3632 2 5 1 5 232 401 en_ et_
_hi 0 681 2638 2 2 2 2 398 764 a_ iN_
_hM 0 721 3900 2 1 2 1 246 387 e_ Mw_
_ho 0 833 2978 2 6 1 6 195 66 o_ oj_
_ho 0 1058 3056 2 5 5 5 208 513 aj_ ok_
_ho 0 899 4020 2 1 2 1 307 158 o_ oj_
_ho 0 830 4238 2 1 1 1 239 148 MN_ o_
_ho 0 926 2876 2 1 2 1 165 124 Bj_ om_
_hQ 0 1132 3608 2 6 6 6 348 316 aj_ Qk_
_hQ 0 755 3248 2 6 4 6 313 372 O_ Qk_
_hQ 0 358 1880 2 6 4 6 322 339 Y_ Qk_
_hQ 0 620 2190 2 6 1 6 434 229 QN_ Qk_
_hQ 0 359 1814 2 6 1 6 620 156 Bm_ Qk_
_hQ 0 780 2836 2 6 1 6 272 133 Em_ Qk_
_hwa 0 1196 3606 2 6 6 6 330 67 oN_ at_
_hwa 0 911 5176 2 6 1 6 639 171 aj_ a_
_hwa 0 843 4342 2 6 5 6 576 236 aj_ a_
_hwa 0 776 2622 2 5 6 5 459 79 Uk_ a_
_hwA 0 417 1932 2 6 5 6 312 168 e_ Ak_
_hwB 0 528 2228 2 6 0 6 636 119 SIL Bk_
_hwB 0 838 2776 2 6 1 6 401 56 O_ Bk_
_hwi 0 1119 3462 2 5 1 5 222 216 en_ i_
_hwZ 0 806 2640 2 5 2 5 85 66 AN_ Zn_
_hwZ 0 801 2564 2 5 1 5 80 78 an_ Zn_
_i 0 656 3154 2 1 5 1 296 763 oN_ i_
_i 0 372 2172 2 5 6 5 135 519 ot_ it_
_i 0 35 2972 2 5 5 5 515 639 u_ i_
_I 0 296 2690 2 1 6 1 118 254 Uk_ Iw_
_I 0 10 4002 2 1 2 1 239 392 iN_ Iw_
_I 0 813 2972 2 5 6 5 143 163 an_ Iw_
_I 0 466 2258 2 1 6 1 219 221 In_ Iw_
_J7 0 813 2936 2 2 6 2 154 272 Bt_ 7_
_J7 0 1039 5528 2 2 2 2 159 216 7_ 7_
_J7 0 714 2536 2 5 0 5 235 369 SIL 7_
_JA 0 584 2634 2 2 6 1 285 570 ot_ AN_
_JB 0 484 2326 2 5 5 5 378 510 AN_ Bk_
_JB 0 1419 4712 2 1 1 0 324 241 In_ Bw_
_JB 0 1084 4042 2 1 5 1 243 381 ak_ Bw_
_Je 0 666 2544 2 3 2 3 254 440 Uj_ e_
_JI 0 730 3768 2 1 6 1 206 412 ot_ In_
_JI 0 1225 4782 2 1 6 1 181 352 M_ In_
_JI 0 428 1680 2 2 0 2 396 654 SIL Iw_
_JI 0 1472 4824 2 1 6 1 165 282 M_ In_
_JI 0 936 2958 2 2 5 2 200 353 O_ Iw_
_JI 0 951 3204 2 2 5 2 217 462 O_ Iw_
_JI 0 906 2974 2 2 5 2 98 237 7j_ Iw_
_JM 0 977 2978 2 1 5 1 132 217 en_ M_
_JM 0 666 2060 2 3 0 3 277 651 SIL MN_
_JM 0 925 2884 2 1 1 1 154 408 i_ M_
_JM 0 774 2570 2 3 5 3 176 428 an_ MN_
_JM 0 1170 3150 2 3 4 3 152 304 iw_ MN_
_JM 0 961 3306 2 3 4 3 258 504 Y_ MN_
_JM 0 486 1804 2 3 5 3 131 251 Uk_ MN_
_JM 0 860 2568 2 3 1 3 178 309 QN_ MN_
_JO 0 1190 3806 2 4 2 4 155 139 Zw_ O_
_JO 0 605 3278 2 4 3 4 290 414 7_ O_
_JZ 0 820 2864 2 1 3 1 124 219 MN_ Zn_
_JZ 0 690 2178 2 1 1 1 218 370 In_ Zn_
_JZ 0 1106 3496 2 5 5 5 106 251 Ak_ Zt_
_JZ 0 674 2740 2 5 5 5 159 371 7j_ Zt_
_JZ 0 1504 4374 2 5 6 5 158 460 QN_ Zt_
_JZ 0 501 1872 2 1 5 1 85 381 ak_ Zn_
_kA 0 998 2768 2 4 5 4 611 568 7j_ AN_
_kA 0 807 2256 2 5 1 5 280 259 QN_ Ak_
_kA 0 859 3024 2 5 4 5 348 681 7_ Ak_
_kA 0 857 2482 2 5 5 5 545 829 It_ Ak_
_kE 0 768 3150 2 4 4 4 341 282 Y_ E_
_kE 0 671 3558 2 2 2 2 421 574 O_ E_
_kE 0 919 3740 2 5 5 5 444 440 iw_ Ew_
_ke 0 819 2250 2 5 2 5 159 294 a_ et_
_ke 0 726 2150 2 5 1 5 174 371 QN_ e_
_ki 0 1100 3226 2 2 6 2 296 578 Qk_ i_
_ki 0 924 2552 2 1 6 1 164 355 In_ iN_
_ki 0 646 1998 2 4 0 4 410 549 SIL i_
_ki 0 711 2122 2 5 0 5 346 519 SIL iN_
_ki 0 1252 3576 2 5 6 5 134 310 Bt_ iN_
_kI 0 1093 2854 2 6 2 6 225 535 Iw_ In_
_kI 0 1056 3368 2 6 2 6 235 483 Iw_ In_
_kM 0 831 2812 2 6 0 6 266 578 SIL Mw_
_kM 0 908 2796 2 6 0 6 191 570 SIL Mw_
_kM 0 730 2342 2 6 1 6 236 423 am_ Mk_
_kM 0 563 1926 2 5 0 5 141 155 SILS M_
_kM 0 946 2998 2 1 6 1 210 300 Uk_ MN_
_kU 0 787 3312 2 4 4 4 151 199 7_ U_
_kU 0 841 2972 2 4 1 4 319 352 oN_ U_
_kU 0 829 2856 2 4 3 4 357 750 MN_ U_
_ku 0 680 2070 2 3 0 3 256 176 SIL uN_
_ku 0 628 2522 2 3 6 3 191 204 am_ u_
_ku 0 769 2824 2 3 1 3 182 147 Bm_ u_
_ku 0 528 1944 2 3 0 3 323 259 SIL uN_
_ku 0 448 1482 2 3 0 3 326 257 SIL uN_
_ku 0 604 1678 2 3 2 3 201 82 aw_ uN_
_ku 0 1183 4254 2 2 2 2 210 82 En_ u_
_ku 0 565 1778 2 3 1 3 126 96 AN_ uN_
_kwa 0 1193 3648 2 1 1 1 439 97 E_ a_
_kwa 0 780 2250 2 1 2 1 444 201 a_ an_
_kwa 0 792 2848 2 1 1 1 444 122 aj_ a_
_kwa 0 810 2388 2 4 6 4 190 84 aj_ aN_
_kwa 0 951 4006 2 1 1 1 633 123 an_ a_
_kwa 0 893 3476 2 1 1 1 554 239 om_ a_
_kwa 0 876 2442 2 1 2 1 475 169 Iw_ an_
_kwa 0 1018 3286 2 4 5 4 639 103 et_ a_
_lA 0 1021 3006 2 2 5 2 502 219 ot_ AN_
_lA 0 1730 4306 2 6 2 6 544 248 Zw_ AN_
_le 0 885 2772 2 1 5 1 292 383 Ew_ en_
_le 0 687 2356 2 1 6 1 189 350 U_ en_
_li 0 999 3304 2 4 5 4 227 396 uk_ iw_
_li 0 983 2878 2 1 2 1 236 385 in_ iN_
_li 0 1146 3072 2 1 2 1 215 286 in_ iN_
_li 0 791 2472 2 1 6 1 136 132 ot_ i_
_lM 0 1210 3206 2 6 6 6 208 270 oN_ Mk_
_lM 0 960 2848 2 1 1 1 168 200 aw_ Mw_
_lo 0 1128 3024 2 6 5 6 698 670 aj_ ok_
_lo 0 964 2734 2 6 5 6 512 439 aj_ ok_
_lo 0 1154 3150 2 6 1 6 254 233 a_ ok_
_lo 0 933 2676 2 4 5 4 311 229 7j_ oj_
_lo 0 951 3064 2 6 6 6 227 150 ok_ o_
_lu 0 1023 2692 2 5 1 5 211 131 Ew_ uk_
_lu 0 1070 2784 2 5 5 5 172 134 O_ uk_
_lwI 0 735 2276 2 6 5 6 218 174 Zn_ In_
_lwI 0 1219 3752 2 6 5 6 139 83 Zn_ In_
_mA 0 1058 2686 2 6 3 6 331 117 o_ AN_
_mA 0 1218 3064 2 6 4 6 320 139 u_ AN_
_mM 0 1264 3278 2 2 5 2 191 145 et_ MN_
_mM 0 1120 2984 2 2 6 2 156 55 uk_ MN_
_mM 0 733 2202 2 2 5 2 153 80 Bw_ MN_
_mM 0 1564 3774 2 2 4 2 104 50 e_ MN_
_mM 0 889 2870 2 6 5 6 179 79 uN_ Mk_
_mM 0 695 1802 2 5 0 5 194 109 SIL Mk_
_mM 0 1557 3680 2 5 1 5 81 76 7n_ Mk_
_mu 0 927 2926 2 3 6 3 171 60 Bt_ uj_
_mu 0 958 3556 2 2 2 2 112 82 i_ uj_
_mu 0 721 2276 2 6 5 6 326 139 It_ uk_
_mZ 0 997 3474 2 3 2 3 355 315 aN_ Zw_
_mZ 0 864 2864 2 6 1 6 288 166 Zn_ Zt_
_N7 0 1335 4378 2 1 6 1 107 132 Bt_ 7_
_N7 0 1142 4414 2 1 1 1 153 185 7_ 7_
_na 0 1288 3946 2 2 1 2 364 152 E_ aw_
_na 0 1207 3730 2 2 6 2 317 100 Zw_ aw_
_na 0 1073 3256 2 1 6 1 292 275 It_ am_
_na 0 987 3354 2 1 6 1 275 209 It_ am_
_na 0 1116 3144 2 6 1 6 401 161 a_ an_
_na 0 800 3044 2 1 4 1 345 291 aN_ am_
_na 0 1084 3338 2 2 6 2 238 88 ak_ aw_
_na 0 1069 4078 2 2 5 2 345 224 e_ aw_
_NE 0 1287 4584 2 2 4 2 347 395 a_ Ew_
_nE 0 642 2238 2 5 3 5 317 292 MN_ Et_
_nE 0 846 2640 2 5 2 5 204 285 BN_ Et_
_ni 0 1666 4484 2 5 2 5 185 201 On_ iw_
_nI 0 1075 3096 2 6 4 6 239 278 i_ Im_
_Ni 0 1044 3220 2 2 1 2 91 320 aj_ in_
_Ni 0 1026 2956 2 2 1 2 84 268 aj_ in_
_Ni 0 490 2568 2 2 2 2 162 460 aN_ in_
_Ni 0 899 2734 2 3 6 3 86 355 aj_ i_
_NM 0 928 3514 2 6 2 6 129 247 QN_ M_
_NU 0 1036 5084 2 2 6 2 130 155 aj_ Uj_
_NU 0 1169 4378 2 2 5 2 110 102 am_ Uj_
_NU 0 705 2654 2 2 0 2 204 239 SIL Uj_
_NU 0 974 2992 2 2 2 2 231 300 Iw_ Uj_
_NU 0 1107 3360 2 2 5 2 186 194 iN_ Uj_
_NU 0 836 2482 2 2 0 2 127 181 SIL Uj_
_NU 0 728 3102 2 2 3 2 171 110 MN_ Uj_
_NU 0 1437 5270 2 2 1 2 101 113 Bj_ Uj_
_Nwa 0 1370 4004 2 6 4 6 596 123 7_ aj_
_Nwa 0 932 3276 2 2 5 2 408 75 Uk_ aj_
_Nwa 0 1080 3452 2 2 5 2 408 75 Uk_ aj_
_Nwa 0 884 2958 2 2 0 2 288 174 SIL aj_
_NwI 0 526 2208 2 1 0 1 194 165 SIL In_
_nY 0 839 2896 2 1 6 1 122 66 Uk_ Yj_
_nZ 0 1035 2766 2 6 5 6 318 165 Zp_ Zp_
_o 0 638 2546 2 1 2 1 351 271 an_ oN_
_o 0 533 2810 2 1 2 1 430 232 an_ oN_
_o 0 655 5112 2 1 6 1 253 77 aj_ o_
_o 0 268 2092 2 1 6 1 258 135 Iw_ on_
_o 0 205 1226 2 1 4 1 379 274 Yj_ oN_
_o 0 115 934 2 1 0 1 1028 780 SIL oN_
_pi 0 1319 3938 2 1 5 1 386 541 Op_ i_
_RE 0 1065 3388 2 1 1 1 235 2505 Bj_ Ew_
_Re 0 1655 4110 2 1 6 1 156 1573 Bt_ en_
_Re 0 1235 2984 2 1 2 1 227 4632 a_ en_
_Re 0 1000 2610 2 1 6 1 140 3434 am_ en_
_Re 0 1181 2782 2 1 6 1 104 2287 aj_ en_
_Re 0 1440 4114 2 1 5 1 134 1785 a_ e_
_rI 0 1979 5304 2 1 5 1 152 637 at_ IN_
_RM 0 1119 2946 2 1 6 1 149 2361 Bk_ MN_
_RO 0 938 3238 2 2 1 2 187 1521 aj_ O_
_rO 0 2041 4884 2 1 4 1 223 570 uj_ O_
_rO 0 2088 6106 2 1 4 1 354 773 uj_ O_
_RQ 0 1206 3470 2 6 1 6 369 4015 Im_ QN_
_RQ 0 890 2154 2 1 6 1 159 3333 ot_ QN_
_RQ 0 764 2100 2 1 0 1 175 2818 SIL QN_
_RQ 0 934 2384 2 1 5 1 166 2253 Bw_ QN_
_RQ 0 1190 2936 2 1 2 1 192 4038 Uj_ QN_
_RQ 0 810 2366 2 1 1 1 202 3606 Bj_ QN_
_RQ 0 882 2660 2 1 4 1 433 6022 i_ QN_
_RQ 0 1148 2700 2 1 6 1 131 3832 ot_ QN_
_RU 0 1000 2628 2 5 6 5 160 3265 i_ Uk_
_RU 0 961 2378 2 0 0 0 197 3218 SIL Uk_
_RU 0 1523 4156 2 2 5 2 123 3130 en_ UN_
_RU 0 1317 3570 2 2 5 2 128 2817 o_ UN_
_ru 0 1355 3956 2 4 6 4 115 695 Bp_ uj_
_ru 0 1390 4092 2 4 2 4 131 883 Iw_ uj_
_RwI 0 1470 3754 2 2 4 2 210 1155 o_ In_
_rZ 0 1524 3640 2 5 6 5 151 530 Bt_ Zt_
_rZ 0 1496 3614 2 5 2 5 152 674 7j_ Zt_
_rZ 0 983 2672 2 5 2 5 190 994 u_ Zt_
_sE 0 1786 4572 2 5 3 5 193 1665 aw_ Ew_
_sE 0 1722 3978 2 1 5 1 175 1196 Ik_ E_
_sE 0 1794 4930 2 1 1 1 153 1369 O_ E_
_SE 0 1228 3830 2 3 1 3 242 2527 o_ E_
_SE 0 1137 2980 2 3 0 3 371 623 SIL E_
_SE 0 1203 3166 2 3 2 3 205 1184 i_ E_
_SE 0 1388 3322 2 3 0 3 232 1185 SIL E_
_Si 0 1758 4194 2 1 6 1 155 1018 e_ iN_
_Si 0 2379 5384 2 1 6 1 130 1961 Qk_ iN_
_Si 0 1905 4332 2 1 6 1 98 1821 Qk_ iN_
_Si 0 2017 4780 2 3 6 3 124 998 ak_ i_
_sM 0 1748 3974 2 1 0 1 267 3157 SIL MN_
_SM 0 1696 4166 2 6 2 6 107 959 e_ M_
_SM 0 1759 4792 2 6 6 6 129 1376 M_ M_
_SM 0 1766 4106 2 6 1 6 130 741 Zm_ M_
_SM 0 2443 5442 2 5 5 5 87 475 et_ Mk_
_SM 0 1314 3066 2 6 2 6 92 856 BN_ M_
_SO 0 2064 4798 2 1 1 1 243 1496 aw_ O_
_so 0 2700 6018 2 1 0 1 252 2316 SIL oN_
_so 0 1344 3138 2 1 6 1 186 2429 uk_ oN_
_sO 0 1805 5012 2 5 2 5 175 1026 aN_ Om_
_So 0 1915 4734 2 4 1 5 116 1075 Yj_ oN_
_So 0 1702 5328 2 4 4 4 187 1835 U_ o_
_So 0 1748 4394 2 5 6 5 143 1373 ot_ o_
_So 0 2541 5798 2 1 5 1 115 867 Ak_ oj_
_So 0 1832 4568 2 5 2 5 101 1550 aw_ o_
_sU 0 1845 5644 2 1 2 1 141 1051 Uj_ U_
_sU 0 2006 5330 2 1 6 1 85 892 oN_ U_
_sU 0 1676 3914 2 1 2 1 129 1178 u_ UN_
_su 0 1639 3858 2 5 5 5 153 1308 Ip_ uk_
_su 0 2186 5256 2 5 4 5 84 660 am_ uk_
_SU 0 1974 5250 2 5 1 5 109 851 uj_ UN_
_SwZ 0 1718 4408 2 5 1 5 204 2113 oN_ Zt_
_sZ 0 2195 5626 2 5 6 5 89 1398 Bk_ Zw_
_swZ 0 1849 4408 2 1 2 1 101 3116 On_ Zn_
_TA 0 818 3146 2 2 2 2 208 511 aw_ AN_
_TA 0 827 2934 2 2 1 2 500 363 Zn_ AN_
_TA 0 623 2290 2 2 4 2 181 370 7_ AN_
_tB 0 930 2702 2 1 5 1 338 287 oj_ Bm_
_tB 0 278 1584 2 1 0 1 1022 500 SIL Bj_
_tB 0 343 1508 2 1 0 1 547 454 SIL Bj_
_TB 0 1427 3526 2 1 1 1 225 487 i_ Bj_
_TB 0 886 2748 2 1 3 1 194 338 E_ Bj_
_TB 0 739 2280 2 4 2 4 342 648 Bn_ BN_
_TB 0 697 2234 2 5 4 5 306 429 BN_ Bn_
_Te 0 817 2836 2 4 1 4 198 258 Zn_ e_
_Te 0 569 3788 2 5 3 5 283 540 a_ e_
_Te 0 893 2968 2 5 1 5 217 363 Bj_ e_
_Te 0 785 2490 2 5 1 5 258 417 M_ e_
_Te 0 637 2162 2 4 1 4 292 587 oj_ e_
_Te 0 1015 4146 2 4 5 4 220 588 O_ e_
_Te 0 841 2230 2 4 1 4 161 369 oN_ e_
_TI 0 1723 5288 2 5 3 5 103 221 aw_ In_
_TI 0 1655 4842 2 6 1 6 182 404 a_ In_
_TI 0 1333 3802 2 5 1 5 318 601 oN_ Iw_
_TI 0 1198 3540 2 5 4 5 197 382 e_ Iw_
_Ti 0 1813 5132 2 2 0 2 248 481 SIL i_
_Ti 0 1812 5132 2 2 0 2 248 481 SIL i_
_Ti 0 1201 5148 2 1 1 1 172 617 aw_ i_
_Ti 0 990 3774 2 1 1 1 153 511 aw_ i_
_Ti 0 773 2692 2 1 1 1 205 402 on_ i_
_Ti 0 716 3212 2 1 1 1 222 573 aw_ i_
_Ti 0 1177 4266 2 5 1 5 187 390 Zn_ ik_
_Ti 0 1049 3222 2 5 1 5 128 363 Iw_ ik_
_tI 0 514 2062 2 2 2 2 477 619 uN_ In_
_tI 0 1195 3880 2 1 2 1 311 524 Zw_ In_
_tI 0 957 2298 2 5 5 5 112 475 O_ It_
_tI 0 586 2534 2 2 5 2 284 347 it_ In_
_tI 0 1166 3404 2 1 1 1 339 435 a_ In_
_tI 0 719 1894 2 5 1 5 172 486 oj_ Ip_
_ti 0 1278 3736 2 5 4 5 123 212 O_ i_
_ti 0 1012 2688 2 5 4 5 258 487 i_ iN_
_ti 0 968 2872 2 2 3 2 261 446 uN_ im_
_ti 0 1006 2812 2 5 1 5 196 258 aN_ iN_
_ti 0 829 2364 2 2 1 2 242 355 QN_ iN_
_ti 0 853 2590 2 2 1 2 195 259 Zn_ iN_
_ti 0 1192 2996 2 2 5 2 158 364 O_ iN_
_ti 0 1060 2698 2 2 6 1 80 260 o_ iN_
_tM 0 1042 3082 2 2 1 2 213 518 Mw_ M_
_tM 0 870 2466 2 6 6 6 162 663 ok_ M_
_tM 0 1129 2932 2 6 5 6 195 370 iN_ M_
_tM 0 677 1932 2 6 2 6 249 650 a_ M_
_tM 0 625 1814 2 2 1 2 426 570 AN_ MN_
_tu 0 1231 4036 2 5 5 5 205 177 Bt_ uj_
_tu 0 847 2970 2 5 3 5 126 283 MN_ uj_
_tu 0 984 2556 2 6 6 6 180 594 Zp_ uk_
_tu 0 735 2330 2 6 0 6 407 501 SIL uk_
_tu 0 326 1196 2 6 0 6 312 450 SIL uk_
_Tu 0 1018 3364 2 5 5 5 159 264 Zj_ u_
_Tu 0 969 3320 2 1 2 1 125 282 On_ u_
_Tu 0 470 3416 2 4 4 4 228 258 In_ u_
_Tu 0 815 3688 2 4 4 4 165 187 In_ u_
_Tu 0 1002 3968 2 4 2 4 137 251 Zw_ u_
_twI 0 821 2542 2 4 6 4 383 641 Mw_ In_
_twI 0 1023 3152 2 4 6 4 280 310 Mw_ In_
_twI 0 866 2668 2 4 6 4 169 312 oj_ In_
_twZ 0 846 2808 2 5 5 5 414 405 ok_ Zn_
_tY 0 621 3182 2 4 2 4 262 330 MN_ Yj_
_tY 0 997 3832 2 4 2 4 274 194 MN_ Yj_
_tY 0 832 3180 2 4 2 4 309 231 MN_ Yj_
_tY 0 1126 3666 2 4 2 4 211 227 MN_ Yj_
_tY 0 1016 3496 2 4 5 4 142 374 U_ Yj_
_tZ 0 668 1816 2 5 1 5 358 717 en_ Zt_
_tZ 0 1548 3658 2 5 5 5 347 494 an_ Zt_
_tZ 0 1211 2842 2 5 6 5 277 479 aj_ Zp_
_tZ 0 969 2570 2 6 3 6 327 373 MN_ Zp_
_tZ 0 891 2848 2 1 2 1 554 556 Zn_ Zm_
_tZ 0 924 2774 2 1 1 1 604 521 M_ Zm_
_tZ 0 706 1986 2 1 3 1 321 423 MN_ Zm_
_TZ 0 529 1758 2 1 0 1 172 308 SIL Zn_
_TZ 0 1097 3130 2 5 6 5 203 657 Bk_ Zj_
_TZ 0 1212 3046 2 6 0 6 257 339 SIL Zm_
_TZ 0 470 2118 2 5 4 5 175 629 am_ Zj_
_TZ 0 1214 2920 2 1 2 1 168 571 E_ Zn_
_TZ 0 864 2418 2 1 6 1 157 533 e_ Zn_
_TZ 0 833 2862 2 5 2 5 97 392 im_ Zj_
_TZ 0 1257 3170 2 1 5 1 171 466 i_ Zn_
_ve 0 1277 4024 2 2 0 2 476 590 SIL e_
_ve 0 536 1882 2 6 1 6 436 362 u_ e_
_ve 0 723 2172 2 2 5 2 284 224 UN_ e_
_ve 0 901 3156 2 2 6 2 350 432 Im_ e_
_ve 0 1187 3222 2 2 4 2 127 172 7j_ e_
_vE 0 632 2052 2 4 5 4 328 429 7j_ E_
_vI 0 1030 4078 2 1 1 1 405 391 Zn_ In_
_vI 0 717 2428 2 6 5 6 574 647 en_ It_
_vI 0 494 1888 2 6 2 6 335 296 In_ It_
_vI 0 848 3052 2 1 6 1 269 319 In_ In_
_vI 0 1040 2770 2 6 5 6 184 260 a_ It_
_vI 0 716 2394 2 1 6 1 275 451 oN_ In_
_vM 0 862 2698 2 6 1 6 232 253 u_ Mk_
_vU 0 824 3734 2 2 5 2 298 207 O_ Un_
_vU 0 1226 3424 2 2 1 2 251 244 o_ U_
_vU 0 1430 3920 2 2 5 2 114 98 at_ U_
_vu 0 1142 3554 2 1 2 1 150 158 Bj_ uj_
_vu 0 715 2714 2 1 5 1 141 81 ak_ uj_
_vu 0 1076 3412 2 1 2 1 138 229 Yn_ uj_
_vY 0 1651 5160 2 1 5 1 161 125 Et_ YN_
_wI 0 414 4338 2 1 1 1 258 204 UN_ In_
_wI 0 155 1534 2 1 0 1 251 321 SIL In_
_XA 0 1526 3652 2 5 2 5 272 275 AN_ Ak_
_XA 0 1186 2928 2 5 0 5 219 362 SIL Ak_
_XA 0 1124 2876 2 5 1 5 272 205 Bn_ Ak_
_Xa 0 990 2984 2 1 1 1 927 414 oN_ aj_
_Xa 0 1027 2704 2 5 5 5 195 187 7j_ an_
_Xa 0 1382 3250 2 5 4 5 252 186 Y_ an_
_Xa 0 777 2158 2 5 4 5 227 329 i_ ak_
_Xi 0 945 3090 2 5 1 5 129 172 oN_ i_
_Xi 0 1456 4296 2 1 1 1 153 318 oj_ i_
_Xi 0 1078 3122 2 1 5 1 158 274 UN_ i_
_Xu 0 885 2788 2 1 2 1 136 104 a_ u_
_Xu 0 1385 3554 2 1 6 1 139 60 ot_ u_
_Xu 0 1116 3230 2 5 1 5 235 114 a_ uk_
_Xu 0 1012 2744 2 5 1 5 190 135 a_ uk_
_Xu 0 1141 2970 2 5 1 5 268 96 a_ uk_
_XY 0 1219 3074 2 1 4 1 124 81 7_ Yn_
_XY 0 966 2718 2 1 0 1 337 75 SIL Yn_
_Z 0 464 1956 2 1 1 1 296 238 BN_ Zm_
_Z 0 20 3470 2 5 1 5 381 452 o_ Zj_
_zA 0 1051 3150 2 2 1 2 306 525 AN_ AN_
_za 0 1798 4792 2 4 0 4 408 1384 SIL a_
_za 0 1795 4968 2 4 2 4 291 1254 Ew_ a_
_za 0 1541 4122 2 5 2 5 385 836 E_ a_
_za 0 1425 3992 2 4 2 4 393 933 aw_ am_
_za 0 1373 3936 2 1 1 1 279 736 Bw_ aw_
_za 0 1434 4316 2 1 5 1 368 911 i_ a_
_za 0 1557 3930 2 1 4 1 180 833 Y_ a_
_za 0 1230 3328 2 1 2 1 267 827 7j_ an_
_zB 0 901 2404 2 5 2 5 267 455 aN_ Bt_
_zo 0 1456 3650 2 6 3 6 135 1256 M_ oj_
_zo 0 1363 3502 2 5 0 5 243 1548 SIL oN_
ak_ 0 539 2776 2 5 5 5 129 127 _ka _co
ak_ 0 1576 5148 2 5 5 0 232 149 _a SIL
ak_ 0 868 3296 2 5 5 4 392 300 _Ga _ko
ak_ 0 574 2466 2 6 6 3 477 462 _Ja _Si
ak_ 0 724 1996 2 5 5 5 313 256 _ta _m7
ak_ 0 504 2452 2 5 5 1 135 269 _ka _JZ
ak_ 0 599 3052 2 5 5 1 367 296 _Xa _JB
ak_ 0 950 4234 2 6 6 2 592 394 _ba _na
Ak_ 0 659 2898 2 5 5 0 361 370 _XA SIL
Ak_ 0 269 1752 2 5 5 5 287 273 _XA _nU
Ak_ 0 625 2450 2 5 5 5 347 310 _XA _JZ
Ak_ 0 603 1742 2 5 5 1 325 283 _kA _So
Ak_ 0 821 3258 2 5 5 6 205 385 _kA _bo
Ak_ 0 529 3068 2 6 6 1 292 282 _hwA _Ti
an_ 0 710 4450 2 2 2 1 277 158 _da _o
an_ 0 514 2764 2 1 1 4 195 162 _Ja _Ja
an_ 0 745 4930 2 4 4 3 363 124 _Ja _vZ
an_ 0 757 3480 2 2 2 1 419 177 _da _o
an_ 0 733 3536 2 5 5 5 516 175 _ba _tZ
an_ 0 812 4666 2 5 5 1 366 259 _ba _fa
an_ 0 757 2690 2 5 5 1 610 275 _ba _fa
an_ 0 1056 4614 2 5 5 3 329 158 _ba _JM
aN_ 0 1280 5526 2 2 2 5 431 127 _va _zB
aN_ 0 1250 3660 2 2 2 5 286 294 _ha _ba
aN_ 0 1166 3660 2 2 2 5 286 294 _ha _ba
aN_ 0 976 3724 2 2 2 2 298 259 _ha _bi
aN_ 0 737 3854 2 2 2 3 280 187 _ha _mZ
aN_ 0 899 3810 2 2 2 5 354 228 _ka _S7
aN_ 0 868 4662 2 2 2 5 310 251 _ka _to
aN_ 0 788 3970 2 2 2 5 247 198 _ha _sO
Bk_ 0 515 2564 2 6 6 5 540 97 _hwB _TZ
Bk_ 0 693 3288 2 6 6 1 284 245 _dB _RM
Bk_ 0 513 2618 2 5 5 5 327 324 _JB _t7
Bk_ 0 455 2222 2 5 5 5 324 532 _JB _de
Bk_ 0 453 2732 2 6 6 5 406 75 _hwB _sZ
Bk_ 0 588 2034 2 6 6 6 318 246 _dB _bI
Bm_ 0 735 5598 2 1 1 0 203 109 _tB SIL
Bm_ 0 545 2238 2 1 1 1 305 157 _nB _nB
Bm_ 0 361 3184 2 1 1 3 185 78 _nB _ku
Bm_ 0 257 2928 2 1 1 6 334 139 _nB _hQ
Bm_ 0 334 3410 2 5 5 1 214 69 _lB _to
Bm_ 0 408 3734 2 2 2 4 387 182 _nB _7
Bm_ 0 721 3766 2 1 1 1 234 225 _RB _ki
Bm_ 0 437 2898 2 1 1 2 144 54 _nB _na
BN_ 0 725 5374 2 2 2 5 313 149 _bB _cZ
BN_ 0 629 2966 2 2 2 6 253 98 _bB _dU
BN_ 0 604 3684 2 5 5 6 305 146 _lB _dQ
BN_ 0 621 3444 2 4 4 5 146 316 _TB _TB
BN_ 0 998 4414 2 1 2 1 519 181 _bB _Z
BN_ 0 950 4696 2 2 2 6 336 271 _bB _SM
BN_ 0 757 4554 2 2 2 5 271 138 _bB _nE
BN_ 0 536 3036 2 1 1 6 188 162 _nB _lU
Bn_ 0 449 3658 2 1 1 5 240 116 _B _te
Bn_ 0 245 2458 2 1 1 5 99 64 _B _XA
Bn_ 0 655 5010 2 5 5 0 209 160 _NB SIL
Bn_ 0 658 5164 2 2 2 2 370 252 _kB _va
Bn_ 0 816 5574 2 2 2 4 486 350 _kB _TB
Bn_ 0 366 3018 2 5 5 1 258 283 _TB _JM
Bp_ 0 371 2618 2 6 6 4 522 178 _GB _ru
Bp_ 0 407 3654 2 6 6 6 421 134 _GB _vZ
Bt_ 0 526 3134 2 6 6 3 393 142 _mB _mu
Bt_ 0 541 4098 2 6 6 2 352 158 _mB _J7
Bt_ 0 571 3484 2 6 6 1 351 232 _mB _Re
Bt_ 0 430 3002 2 5 5 5 312 173 _zB _tu
Bt_ 0 507 2660 2 5 5 4 504 201 _bB _ka
Bt_ 0 370 4026 2 6 6 1 611 183 _mB _N7
Bt_ 0 369 2178 2 6 6 5 530 237 _mB _rZ
Bw_ 0 666 2752 2 1 1 1 314 177 _SB _za
Bw_ 0 404 1344 2 5 5 2 351 138 _cB _mM
Bw_ 0 545 3060 2 0 1 4 402 129 _JB _kY
Bw_ 0 582 4314 2 1 1 0 220 153 _JB SIL
Bw_ 0 439 3178 2 1 1 4 349 183 _JB _7
e_ 0 2119 4624 2 4 4 6 181 250 _Te _va
e_ 0 1280 2678 2 2 2 1 553 652 _ve _hM
e_ 0 1457 3270 2 4 4 4 270 343 _de _cwI
e_ 0 964 2144 2 6 6 1 400 626 _ve _Si
e_ 0 1081 2208 2 3 3 6 394 545 _Je _Ja
e_ 0 449 1004 2 4 4 2 254 372 _de _mM
e_ 0 1331 2910 2 6 6 1 279 498 _he _TZ
e_ 0 904 1848 2 2 2 6 385 532 _ve _SM
Em_ 0 763 2152 2 1 1 6 469 515 _E _hQ
Em_ 0 797 5012 2 1 1 1 181 161 _E _to
Em_ 0 911 5776 2 1 1 0 226 186 _E SIL
Em_ 0 759 3700 2 1 1 5 321 289 _sE _SA
Em_ 0 594 3502 2 1 1 5 77 153 _E _u
Et_ 0 671 2392 2 5 5 1 349 397 _mE _vY
Et_ 0 713 2804 2 5 5 6 344 341 _nE _dB
Et_ 0 891 4346 2 5 5 3 213 498 _nE _la
et_ 0 498 2604 2 5 5 1 141 155 _he _ko
et_ 0 1107 4880 2 5 5 2 240 298 _te _mM
et_ 0 1032 4736 2 5 5 0 283 754 _te SIL
et_ 0 663 3106 2 5 5 4 202 481 _te _ko
et_ 0 1129 3678 2 5 5 0 360 325 _te SIL
et_ 0 1146 4058 2 0 0 0 276 259 _he SIL
et_ 0 661 2902 2 5 5 3 461 467 _te _JM
Ew_ 0 546 2084 2 5 5 1 267 159 _sE _le
Ew_ 0 943 4292 2 2 2 4 337 433 _NE _za
Ew_ 0 2055 6142 2 5 5 1 206 191 _kE _Xo
Ew_ 0 951 2918 2 1 1 5 321 237 _RE _lu
Ew_ 0 1393 5188 2 2 2 0 216 177 _mE SIL
Ew_ 0 1480 5280 2 2 2 0 124 186 _mE SIL
ik_ 0 533 3018 2 5 5 0 105 352 _Ti SIL
ik_ 0 604 3498 2 5 5 0 88 203 _Ti SIL
ik_ 0 949 4292 2 6 6 0 159 328 _Ni SIL
ik_ 0 539 1850 2 6 6 4 189 278 _ti _wi
ik_ 0 514 1986 2 6 6 1 289 377 _zi _ke
Im_ 0 551 3082 2 1 1 6 238 337 _NI _RQ
Im_ 0 573 2610 2 6 6 2 279 484 _nI _ve
Im_ 0 749 4440 2 4 4 3 181 242 _dI _kY
Im_ 0 662 3998 2 6 6 1 320 584 _kI _nB
Im_ 0 664 2868 2 4 4 5 418 333 _dI _m7
Im_ 0 1097 4310 2 6 6 0 314 419 _JI SIL
im_ 0 694 4032 2 2 2 5 158 219 _ti _TZ
im_ 0 1112 5338 2 1 1 0 240 390 _fi SIL
im_ 0 741 4268 2 1 1 6 285 333 _fi _ta
IN_ 0 1483 5970 2 1 1 0 167 217 _rI SIL
In_ 0 738 6128 2 5 5 0 64 145 _TI SIL
In_ 0 868 4758 2 6 6 0 238 374 _TI SIL
In_ 0 1085 6712 2 1 1 0 310 308 _JI SIL
In_ 0 537 2712 2 4 4 2 176 186 _cwI _va
In_ 0 902 3954 2 2 2 1 436 344 _tI _mY
In_ 0 912 4572 2 1 1 5 260 255 _vI _ba
In_ 0 877 3910 2 2 2 6 148 169 _RwI _vI
In_ 0 704 3422 2 1 1 5 188 299 _JI _de
iN_ 0 512 4098 2 1 1 1 185 170 _Si _ko
iN_ 0 638 3826 2 2 2 2 150 248 _bi _TU
iN_ 0 441 3462 2 2 2 4 131 315 _hi _A
iN_ 0 520 4442 2 5 5 2 164 235 _ti _NU
iN_ 0 586 4842 2 1 1 6 149 322 _Si _ta
iN_ 0 426 3956 2 1 1 6 189 321 _li _mo
iN_ 0 483 2886 2 1 1 1 158 304 _li _ha
iN_ 0 532 2820 2 1 1 4 167 223 _Si _bO
in_ 0 679 3110 2 2 2 1 182 360 _Ni _li
in_ 0 504 1434 2 2 2 1 216 487 _Ni _li
in_ 0 624 3626 2 2 2 1 159 324 _Ni _E
in_ 0 955 4324 2 2 2 5 185 219 _Ni _hE
It_ 0 382 3640 2 6 6 1 529 615 _vI _na
It_ 0 666 3618 2 6 6 1 363 372 _vI _na
It_ 0 420 2496 2 5 5 6 93 239 _tI _mu
It_ 0 687 3410 2 6 6 1 296 379 _vI _na
It_ 0 516 1786 2 6 6 2 334 407 _bI _la
It_ 0 504 3176 2 5 5 6 141 332 _tI _kI
It_ 0 560 3478 2 6 6 1 296 451 _vI _na
It_ 0 624 3652 2 6 6 1 204 223 _vI _na
iw_ 0 595 2968 2 5 5 5 256 295 _ni _kE
iw_ 0 1180 5340 2 4 4 3 168 238 _li _JM
Iw_ 0 865 2612 2 5 5 2 201 225 _TI _zi
Iw_ 0 1287 4250 2 6 6 1 293 655 _lI _o
Iw_ 0 356 1796 2 2 2 2 247 264 _JI _NU
Iw_ 0 625 2156 2 1 1 5 105 107 _I _Ti
Iw_ 0 779 2886 2 2 2 4 176 150 _dI _ru
Iw_ 0 486 2414 2 2 2 6 180 197 _dI _kI
Iw_ 0 512 2224 2 2 2 1 226 237 _JI _ka
Iw_ 0 808 3580 2 2 2 1 296 190 _dI _kwa
Mk_ 0 682 4144 2 6 6 2 175 297 _vM _nB
Mk_ 0 538 3846 2 6 6 0 157 156 _mM SIL
Mk_ 0 653 3410 2 6 6 5 148 277 _lM _de
Mk_ 0 259 1064 2 5 5 6 206 256 _mM _hQ
Mk_ 0 597 2030 2 5 5 1 98 103 _mM _kwi
Mk_ 0 512 2596 2 5 5 0 100 195 _SM SIL
Mk_ 0 623 3548 2 5 5 2 87 147 _JM _dZ
Mk_ 0 453 2326 2 5 5 2 68 173 _SM _mi
MN_ 0 479 3000 2 5 5 4 84 89 _dM _7
MN_ 0 703 3812 2 3 3 4 192 383 _JM _kU
MN_ 0 528 3080 2 3 3 5 121 300 _JM _mO
MN_ 0 695 3234 2 3 3 5 133 287 _JM _tu
MN_ 0 1340 5900 2 3 3 1 105 202 _JM _JZ
MN_ 0 657 4522 2 2 2 4 137 151 _mM _tY
MN_ 0 1013 4018 2 3 3 6 117 184 _JM _tZ
MN_ 0 649 2494 2 3 3 5 125 242 _JM _nE
Mw_ 0 387 3066 2 1 1 2 166 206 _hM _tM
Mw_ 0 630 2462 2 1 1 5 143 132 _lM _v7
Mw_ 0 816 4042 2 6 6 4 268 373 _kM _twI
Mw_ 0 754 2816 2 6 6 4 245 843 _kM _twI
Om_ 0 1353 5638 2 5 5 0 149 111 _sO SIL
om_ 0 498 3188 2 1 1 1 109 48 _ho _kwa
om_ 0 1200 5976 2 1 1 0 289 78 _to SIL
On_ 0 657 2752 2 5 5 2 332 146 _mO _ha
On_ 0 791 2510 2 2 2 5 735 141 _kO _ni
On_ 0 1115 6638 2 1 1 0 174 82 _nO SIL
On_ 0 539 2788 2 2 2 5 382 109 _kO _kO
On_ 0 844 3366 2 1 1 5 467 148 _kO _cB
On_ 0 661 3360 2 1 1 5 221 112 _kO _cB
On_ 0 1035 4976 2 2 2 5 308 112 _kO _cu
On_ 0 817 4288 2 2 2 1 310 127 _kO _Tu
on_ 0 892 4046 2 5 5 1 71 37 _co _do
on_ 0 795 4164 2 1 1 1 149 52 _o _Ti
on_ 0 963 2944 2 2 2 1 257 184 _to _nB
on_ 0 661 3354 2 5 5 1 182 151 _bo _mU
Op_ 0 648 3922 2 6 6 6 486 223 _hO _c7
Op_ 0 454 3130 2 5 5 1 312 119 _kO _pi
Qk_ 0 646 4846 2 6 6 0 359 74 _hQ SIL
Qk_ 0 690 3218 2 6 6 4 341 87 _hQ _kY
Qk_ 0 363 1428 2 6 6 1 294 52 _hQ _Si
Qk_ 0 598 2332 2 6 6 2 388 77 _hQ _ki
Qk_ 0 595 2510 2 6 6 1 532 45 _hQ _ha
Qk_ 0 526 1992 2 6 6 1 349 96 _hQ _Si
Qk_ 0 681 3568 2 6 6 0 435 108 _hQ SIL
Qk_ 0 536 2746 2 6 6 5 624 157 _hQ _fi
QN_ 0 1008 3892 2 6 6 0 601 136 _RQ SIL
QN_ 0 519 2060 2 1 1 3 144 87 _RQ _JM
QN_ 0 438 1612 2 1 1 3 204 111 _RQ _JM
QN_ 0 494 2978 2 1 1 2 83 38 _RQ _Ja
QN_ 0 661 2790 2 1 1 1 143 49 _RQ _nB
QN_ 0 583 2486 2 1 1 5 131 48 _RQ _ka
QN_ 0 630 2858 2 1 1 6 418 130 _RQ _hQ
QN_ 0 550 1958 2 1 1 3 141 115 _RQ _JM
u_ 0 755 1528 2 1 1 6 147 92 _Xu _ve
u_ 0 538 1130 2 1 1 6 252 101 _Xu _vM
u_ 0 1192 2468 2 1 1 6 177 101 _Xu _c7
u_ 0 1414 2856 2 5 5 6 155 76 _Tu _vi
u_ 0 746 1568 2 4 4 6 173 85 _cu _do
u_ 0 1545 3210 2 2 2 4 123 129 _zu _ci
u_ 0 649 1300 2 5 5 5 113 151 _cu _i
u_ 0 3654 7354 2 3 3 0 143 64 _ku SIL
uj_ 0 1096 4218 2 3 3 5 169 220 _mu _to
uj_ 0 1702 7524 2 5 5 0 168 174 _tu SIL
uj_ 0 582 1804 2 1 1 2 119 146 _cu _va
uj_ 0 833 2850 2 5 5 2 115 116 _tu _ta
uj_ 0 914 2740 2 1 1 2 189 108 _vu _nB
uj_ 0 800 2938 2 4 4 1 149 111 _ru _rO
Uj_ 0 1702 5748 2 2 2 1 216 356 _NU _Ja
Uj_ 0 1809 5090 2 2 2 1 241 323 _NU _Ja
Uj_ 0 971 2534 2 2 2 3 420 620 _NU _Je
Uj_ 0 881 2980 2 2 2 4 393 720 _NU _cu
Uj_ 0 474 1476 2 2 2 2 321 403 _NU _dZ
Uj_ 0 898 2436 2 2 2 1 367 470 _NU _sU
Uj_ 0 1099 3438 2 2 2 1 199 294 _NU _RQ
Uj_ 0 1334 5744 2 2 2 0 186 177 _NU SIL
uk_ 0 436 2448 2 6 6 1 107 49 _cu _nB
uk_ 0 375 3002 2 6 6 5 120 49 _cu _mE
uk_ 0 363 2328 2 5 5 4 138 95 _lu _li
uk_ 0 432 2728 2 5 5 5 133 92 _cu _te
uk_ 0 821 3276 2 6 6 2 133 126 _tu _nB
uk_ 0 600 2764 2 6 6 5 210 173 _tu _ha
uk_ 0 589 2034 2 6 6 1 214 178 _tu _so
uk_ 0 567 2972 2 6 6 2 219 127 _mu _mM
Un_ 0 752 3104 2 6 6 2 223 322 _lU _l7
Un_ 0 2172 8096 2 2 2 0 187 209 _vU SIL
Yj_ 0 1137 2990 2 1 1 4 186 164 _nY _So
Yj_ 0 1341 6576 2 4 4 0 257 293 _tY SIL
Yj_ 0 1457 5702 2 4 4 0 281 269 _tY SIL
Yj_ 0 1279 3962 2 4 4 1 332 365 _tY _o
Yj_ 0 961 4172 2 4 4 1 194 230 _tY _kO
Yj_ 0 1294 4908 2 4 4 2 229 216 _tY _va
Yk_ 0 1171 5766 2 6 6 0 198 113 _TY SIL
Yk_ 0 611 2588 2 6 6 2 227 63 _kY _d7
Zm_ 0 358 3518 2 6 6 5 147 176 _TZ _ci
Zm_ 0 461 3750 2 2 2 2 251 201 _kZ _ha
Zm_ 0 691 7372 2 2 2 1 239 131 _lZ _Sa
Zm_ 0 690 6056 2 1 1 1 284 227 _tZ _Xo
Zm_ 0 568 5158 2 1 1 0 419 206 _tZ SIL
Zm_ 0 510 3062 2 1 1 6 241 321 _tZ _SM
Zm_ 0 308 3074 2 1 1 6 111 97 _Z _Ja
Zn_ 0 347 1676 2 3 3 6 192 191 _vZ _lU
Zn_ 0 244 2524 2 1 1 4 91 119 _TZ _Te
Zn_ 0 503 3166 2 5 5 5 189 133 _lZ _a
Zn_ 0 465 3160 2 1 1 5 102 209 _cZ _Ga
Zn_ 0 628 6280 2 2 2 5 407 270 _kZ _cI
Zn_ 0 665 4774 2 1 1 1 101 177 _JZ _vI
Zn_ 0 354 1774 2 4 4 6 198 123 _cwZ _bi
Zn_ 0 390 3256 2 1 1 5 118 244 _TZ _Ti
Zp_ 0 448 3354 2 5 5 6 291 304 _tZ _nZ
Zp_ 0 431 3874 2 6 6 5 304 223 _nZ _de
Zp_ 0 487 2984 2 6 6 6 280 232 _tZ _tu
Zt_ 0 220 2982 2 5 5 6 80 82 _cZ _bo
Zt_ 0 371 2910 2 5 5 4 242 339 _tZ _ka
Zt_ 0 579 3372 2 5 5 4 307 477 _tZ _de
Zt_ 0 708 3366 2 5 5 0 381 259 _SwZ SIL
Zt_ 0 460 2988 2 5 5 1 144 209 _rZ _NI
Zt_ 0 513 3822 2 5 5 0 131 207 _JZ SIL
Zt_ 0 369 2188 2 5 5 4 133 223 _JZ _kY
Zt_ 0 302 1824 2 5 5 5 139 285 _rZ _NB
Zw_ 0 900 3202 2 6 6 2 333 190 _kZ _na
Zw_ 0 1470 5176 2 3 3 0 302 121 _mZ SIL
Zw_ 0 917 3760 2 2 2 1 141 162 _dZ _tI
Zw_ 0 885 2492 2 5 5 1 138 92 _sZ _sa
Zw_ 0 691 2776 2 2 2 4 232 126 _kZ _Tu
Zw_ 0 498 3322 2 5 5 4 196 94 _dZ _kY
7m_ 0 706 2888 2 1 1 1 131 161 _k7 _nO
7m_ 0 983 5814 2 5 5 0 94 93 _S7 SIL
7p_ 0 1015 4578 2 5 5 4 329 321 _l7 _fu
7p_ 0 553 2888 2 6 6 5 366 249 _h7 _v7
7t_ 0 689 2304 2 6 6 6 233 399 _d7 _ha
_b7 0 1143 3492 2 4 0 4 113 139 e_ 7j_
_bA 0 991 2966 2 6 6 6 757 195 Yt_ Ak_
_bI 0 1291 3424 2 5 2 5 130 309 a_ It_
_bI 0 1048 3158 2 6 2 6 427 566 a_ It_
_bI 0 1338 3922 2 5 1 5 182 308 O_ It_
_bI 0 914 2744 2 6 2 6 291 336 a_ In_
_bI 0 963 3164 2 6 1 6 245 362 Zn_ It_
_bI 0 1309 3520 2 5 2 5 231 417 a_ It_
_bM 0 989 3448 2 1 5 1 131 124 en_ Mw_
_bu 0 678 2094 2 6 5 6 206 90 ak_ uj_
_bu 0 1064 4436 2 2 2 2 245 221 en_ u_
_bU 0 767 2748 2 5 2 5 173 210 MN_ Uk_
_bZ 0 807 2654 2 1 5 1 173 248 Zj_ Zj_
_bZ 0 837 2434 2 5 0 5 453 380 SIL Zt_
_bZ 0 845 2520 2 5 0 5 355 319 SIL Zt_
_bZ 0 972 2552 2 4 6 4 228 151 uj_ Zn_
_cA 0 880 2652 2 5 1 5 138 1877 O_ AN_
_cE 0 1419 3608 2 1 4 1 146 2820 7_ En_
_ce 0 1457 3968 2 5 6 5 218 3005 Yt_ et_
_ce 0 1122 2948 2 5 3 5 189 2230 a_ e_
_cI 0 1278 3534 2 1 2 1 217 1855 QN_ I_
_cI 0 751 2280 2 5 6 5 203 2222 o_ Iw_
_cI 0 854 2526 2 5 6 5 184 2086 o_ Iw_
_cI 0 1297 3164 2 5 4 5 96 2241 Y_ Ik_
_co 0 575 1700 2 3 0 3 301 1082 SIL o_
_co 0 1004 3444 2 5 2 5 140 1442 M_ oj_
_co 0 1121 3208 2 5 5 5 210 681 ak_ on_
_cQ 0 1036 2924 2 5 4 5 191 3151 7_ QN_
_cwI 0 1270 3240 2 4 1 4 187 834 i_ In_
_cwI 0 1199 3622 2 6 5 6 233 546 Uk_ In_
_cwI 0 1062 2652 2 6 1 6 210 1066 M_ In_
_cwI 0 969 3198 2 6 0 6 258 797 SIL In_
_cwI 0 1336 3530 2 6 5 6 267 658 oj_ In_
_cY 0 1379 3876 2 6 2 6 235 1046 uj_ Yt_
_dA 0 849 2680 2 5 6 5 214 124 Uw_ AN_
_dE 0 823 2732 2 2 5 2 182 183 Ik_ En_
_dE 0 971 3732 2 1 6 1 321 416 Zn_ En_
_dwa 0 699 3080 2 2 1 2 884 184 In_ an_
_dY 0 823 3484 2 4 1 4 365 134 i_ Yj_
_f7 0 1171 3306 2 5 1 5 262 224 aN_ 7t_
_fE 0 1689 4354 2 5 1 5 228 198 O_ Ep_
_fe 0 1591 5002 2 1 2 1 195 535 a_ e_
_fI 0 872 2708 2 5 5 5 161 276 uj_ I_
_fI 0 1230 3920 2 6 5 6 210 245 Yk_ In_
_fI 0 1231 3526 2 6 5 6 137 211 Yk_ In_
_fM 0 992 2510 2 5 5 5 82 176 Zt_ Mk_
_fO 0 1141 3560 2 5 1 5 452 215 oN_ O_
_fO 0 1191 3248 2 5 0 5 759 102 SIL O_
_fu 0 1599 4638 2 4 5 4 195 315 7p_ u_
_fu 0 1220 3936 2 5 2 5 126 143 7j_ u_
_fu 0 989 2662 2 6 5 6 127 137 it_ u_
_fu 0 1219 3792 2 5 0 5 243 199 SIL u_
_Ge 0 826 3126 2 5 5 5 192 284 Ik_ e_
_GM 0 944 4070 2 4 5 4 128 147 Bn_ Mj_
_Go 0 838 2534 2 2 0 2 299 115 SIL om_
_GQ 0 703 2148 2 5 4 5 490 245 7_ Qk_
_GU 0 865 4118 2 1 5 1 162 48 Uk_ UN_
_GZ 0 1157 4064 2 5 5 5 179 138 a_ Zw_
_GZ 0 1103 3162 2 1 2 1 150 256 a_ Zj_
_GZ 0 731 2498 2 2 1 2 168 152 UN_ Zn_
_hA 0 1402 3994 2 2 0 2 333 159 SIL AN_
_hA 0 1293 3428 2 6 5 6 298 227 Zt_ AN_
_hE 0 987 3094 2 5 2 5 237 270 in_ Ek_
_hI 0 1486 5038 2 6 6 6 363 778 It_ Iw_
_hI 0 847 2666 2 6 4 6 209 317 In_ Iw_
_hI 0 576 2336 2 6 2 6 130 338 aj_ In_
_hI 0 576 1830 2 6 1 6 247 302 QN_ In_
_hI 0 1435 4296 2 5 1 5 173 255 Bn_ Ip_
_hI 0 657 2838 2 4 2 4 117 246 i_ Iw_
_hu 0 545 2038 2 2 1 2 160 153 e_ uN_
_hwE 0 1074 3852 2 6 6 6 546 162 AN_ E_
_hwI 0 670 3246 2 2 1 2 334 291 o_ In_
_hY 0 511 2634 2 5 2 5 400 145 iN_ YN_
_hZ 0 580 2570 2 6 6 6 363 359 ot_ Zw_
_hZ 0 571 1844 2 5 5 5 262 371 iN_ Zp_
_Ji 0 798 2720 2 5 1 5 102 255 BN_ it_
_JQ 0 1560 4800 2 6 6 6 151 202 BN_ Qk_
_Ju 0 930 3062 2 1 5 1 100 115 O_ u_
_Ju 0 930 3062 2 1 5 1 100 115 O_ u_
_JU 0 1109 3790 2 6 1 6 80 185 i_ Uk_
_k7 0 947 2572 2 1 1 1 332 204 Bn_ 7m_
_k7 0 865 2722 2 1 1 1 164 290 i_ 7_
_k7 0 957 3150 2 1 1 1 199 226 U_ 7m_
_k7 0 1257 3236 2 3 1 3 179 232 i_ 7_
_kQ 0 821 3164 2 2 2 2 246 221 aw_ QN_
_kwA 0 976 2908 2 1 1 1 517 61 AN_ AN_
_kwB 0 1174 3270 2 1 2 1 237 46 QN_ Bj_
_kwe 0 668 2872 2 1 1 1 340 243 oN_ en_
_kwE 0 1089 3292 2 1 1 1 271 74 aj_ En_
_kwI 0 1089 3238 2 5 5 5 216 126 Zp_ It_
_kwI 0 872 2472 2 5 1 5 159 189 Ew_ It_
_kwI 0 895 2502 2 5 4 5 122 94 BN_ It_
_kwi 0 612 2812 2 5 0 5 162 116 SIL i_
_kwi 0 1024 3160 2 1 5 1 105 86 Mk_ i_
_kwo 0 871 2806 2 5 1 5 480 118 UN_ ok_
_kwo 0 1200 3444 2 5 6 5 161 65 It_ ok_
_kwZ 0 1054 3232 2 1 2 1 991 94 Zm_ Zn_
_kwZ 0 398 1410 2 1 0 1 526 307 SIL Zn_
_l7 0 1690 4400 2 5 4 5 270 272 7_ 7p_
_l7 0 1161 3168 2 6 5 6 239 248 O_ 7j_
_l7 0 1225 3722 2 6 5 6 215 246 O_ 7j_
_l7 0 1250 4520 2 2 6 2 214 246 Un_ 7_
_lB 0 955 3412 2 5 2 5 822 242 Iw_ Bm_
_lB 0 1130 2942 2 5 1 5 534 393 i_ Bk_
_lE 0 1008 3140 2 1 2 1 202 294 En_ E_
_lI 0 837 3078 2 6 5 6 272 294 It_ It_
_lI 0 971 3210 2 6 5 6 258 353 It_ It_
_lQ 0 951 2730 2 2 3 2 372 261 Bn_ QN_
_lU 0 1154 3780 2 6 1 6 193 313 BN_ UN_
_lU 0 999 3284 2 6 1 6 168 172 BN_ UN_
_lU 0 1080 3604 2 1 5 1 124 139 Mk_ UN_
_lU 0 1145 3030 2 6 3 6 155 172 Zn_ Un_
_lwA 0 812 2924 2 1 4 1 286 135 i_ AN_
_lwa 0 925 2706 2 6 6 6 281 136 ot_ aj_
_lwa 0 944 2890 2 6 4 6 436 187 Y_ aj_
_lwa 0 1070 3152 2 2 3 2 284 96 MN_ aj_
_lwa 0 1291 4238 2 2 5 2 350 127 7j_ aj_
_lwa 0 709 2380 2 2 0 2 580 198 SIL aj_
_lwa 0 1245 3434 2 6 5 6 422 123 ak_ aj_
_lwa 0 1386 3844 2 6 5 6 360 66 ak_ aj_
_lwE 0 1559 4994 2 5 4 5 342 272 7_ Et_
_lwZ 0 1075 3072 2 6 1 6 169 119 M_ Zn_
_lY 0 945 3008 2 1 1 1 199 194 oj_ Yn_
_lY 0 876 2550 2 1 0 1 187 150 SIL Yn_
_lY 0 1163 3372 2 1 1 1 203 136 a_ Yn_
_lY 0 1465 3878 2 2 5 2 149 130 Ak_ Yn_
_M 0 758 2704 2 1 5 1 157 171 In_ Mw_
_me 0 844 2980 2 1 1 1 213 350 oN_ e_
_me 0 1055 3450 2 2 2 2 143 305 Zn_ em_
_mI 0 1175 5386 2 5 0 5 221 339 SIL I_
_mI 0 1348 3320 2 2 1 2 143 191 Zw_ In_
_mO 0 993 3074 2 6 4 6 232 81 7_ Oj_
_mO 0 727 2684 2 5 3 5 456 117 MN_ On_
_mQ 0 994 2876 2 1 5 1 262 99 7j_ QN_
_n7 0 787 3096 2 6 5 6 608 252 on_ 7_
_NA 0 858 2568 2 2 4 2 162 155 Y_ AN_
_Na 0 1845 5474 2 6 6 6 192 421 aj_ aj_
_Ne 0 980 3542 2 2 2 2 141 201 o_ e_
_NI 0 951 2834 2 1 2 1 206 309 a_ In_
_NI 0 835 2772 2 1 1 1 190 344 U_ In_
_NI 0 854 3376 2 1 5 1 196 476 Zt_ Im_
_NI 0 545 1906 2 3 0 3 270 682 SIL I_
_nM 0 1479 3728 2 3 1 3 84 84 O_ M_
_nM 0 1341 3888 2 3 6 3 133 123 u_ M_
_No 0 1097 3046 2 6 1 6 266 116 M_ o_
_NO 0 995 3040 2 1 4 1 224 151 u_ On_
_no 0 734 2176 2 1 1 1 114 58 On_ oN_
_no 0 1323 3210 2 1 1 1 129 61 On_ oN_
_nQ 0 911 3078 2 5 2 5 297 140 7j_ QN_
_nu 0 983 3382 2 5 2 5 82 39 In_ uj_
_Nu 0 888 3576 2 3 6 3 135 47 oj_ u_
_Nwi 0 774 2880 2 1 4 1 126 170 am_ i_
_NY 0 1041 3410 2 2 2 2 133 58 im_ Yn_
_NZ 0 1618 4100 2 1 0 1 233 220 SILP Zm_
_Q 0 872 2506 2 5 5 5 726 250 O_ Qk_
_r7 0 1045 3272 2 1 2 1 213 788 a_ 7j_
_rA 0 1697 4704 2 2 6 2 276 779 aj_ AN_
_rB 0 1328 4216 2 2 1 2 419 792 a_ BN_
_rB 0 1245 3640 2 2 3 2 438 1344 i_ BN_
_RB 0 1164 3006 2 1 6 1 229 2995 ot_ Bm_
_RB 0 1248 3008 2 1 1 1 120 1540 oN_ Bm_
_RB 0 1122 2798 2 5 6 5 100 2036 Bp_ Bk_
_RB 0 946 2548 2 1 5 1 100 1586 Bw_ Bm_
_re 0 1397 3860 2 1 2 1 172 1189 Zj_ ew_
_rE 0 1257 3292 2 3 2 3 447 1601 oj_ E_
_ri 0 1185 3058 2 2 5 2 198 516 et_ iN_
_RI 0 965 2644 2 6 2 6 177 1704 a_ Iw_
_RI 0 1431 3938 2 2 5 2 106 1166 Bk_ Iw_
_Ri 0 802 2538 2 2 1 2 167 1559 QN_ iN_
_Ri 0 866 2748 2 2 1 2 213 1983 oN_ iN_
_Ri 0 830 2548 2 2 1 2 238 1903 oN_ iN_
_rM 0 618 2100 2 6 4 6 142 772 In_ Mk_
_Ro 0 1058 3462 2 1 5 1 180 1167 Yn_ oj_
_Ro 0 1384 4130 2 2 6 2 173 1866 In_ oN_
_Ro 0 1077 3540 2 2 0 2 347 1537 SIL oN_
_ro 0 1032 2826 2 5 3 5 104 1255 uN_ oj_
_ro 0 1134 4414 2 2 3 2 221 462 UN_ oj_
_ro 0 435 4586 2 1 1 1 199 83 e_ o_
_rU 0 1648 4652 2 6 1 6 157 749 Bj_ Uw_
_Ru 0 1088 2830 2 1 6 1 147 1278 Zp_ uN_
_Ru 0 853 2330 2 1 6 1 123 1344 Ip_ uN_
_Ru 0 1157 3192 2 2 1 2 131 1924 oN_ um_
_Rwi 0 1270 3718 2 1 1 1 404 1027 aw_ i_
_rY 0 1608 4244 2 6 4 6 108 972 7_ Yt_
_RZ 0 933 2348 2 6 2 6 114 1904 MN_ Zn_
_RZ 0 966 2814 2 2 6 2 210 3356 ot_ Zn_
_S7 0 2052 5530 2 4 5 4 238 1044 M_ 7_
_S7 0 1959 5490 2 5 1 5 121 1182 oj_ 7m_
_S7 0 1788 4552 2 5 2 5 128 736 aN_ 7m_
_sA 0 2015 4622 2 5 4 5 144 1169 aj_ Ak_
_SA 0 2052 5272 2 6 2 6 237 1367 am_ Ak_
_SA 0 1853 4350 2 5 5 5 283 1159 iN_ Ak_
_SA 0 1938 4352 2 5 1 5 141 1234 Em_ Ak_
_sa 0 1785 4074 2 5 3 5 381 484 e_ ak_
_sa 0 1900 5290 2 1 5 1 232 969 Zw_ a_
_Sa 0 2511 5882 2 1 2 1 216 1828 Zm_ aj_
_Sa 0 1978 4438 2 5 3 5 223 774 MN_ aN_
_Sa 0 1779 4134 2 1 6 1 200 1599 O_ aN_
_Sa 0 1842 4380 2 5 2 5 191 754 aj_ aN_
_Sa 0 2455 5752 2 1 5 1 235 576 Ak_ aw_
_Sa 0 1962 4982 2 2 1 2 254 827 M_ aN_
_sB 0 1519 3924 2 4 4 4 115 959 e_ Bj_
_SB 0 1704 3840 2 3 2 3 132 917 Uj_ Bn_
_SB 0 1315 3696 2 1 1 1 263 670 Yn_ Bj_
_SB 0 1821 4600 2 5 1 5 146 589 Zw_ Bk_
_SB 0 1294 3438 2 5 2 5 108 746 Zn_ Bw_
_SB 0 2000 4850 2 1 0 1 337 832 SIL Bw_
_Se 0 1693 5208 2 5 1 5 185 1405 U_ ep_
_se 0 1944 5766 2 1 6 1 175 1653 o_ e_
_si 0 2159 5844 2 5 2 5 105 964 a_ i_
_si 0 2249 5302 2 1 5 1 124 1172 a_ i_
_sQ 0 2091 4904 2 1 1 1 212 1106 O_ QN_
_SQ 0 1930 4534 2 1 5 1 205 876 BN_ QN_
_SQ 0 1330 3126 2 1 0 1 223 1377 SIL QN_
_Su 0 1808 4086 2 1 1 1 95 2280 e_ uN_
_Swa 0 2045 5284 2 6 0 6 242 425 SIL an_
_swa 0 1867 5384 2 5 0 5 226 687 SIL a_
_swB 0 1903 4828 2 5 5 5 211 1090 O_ Bj_
_swI 0 1535 3750 2 1 2 1 130 1170 UN_ In_
_Swi 0 2570 6328 2 1 0 1 158 979 SIL i_
_Swi 0 1787 4636 2 1 1 1 123 1435 iN_ i_
_SY 0 1655 3894 2 5 0 5 144 1011 SIL Yt_
_SZ 0 1984 5802 2 1 2 1 135 855 aw_ Zw_
_SZ 0 2212 5654 2 1 2 1 165 881 uN_ Zw_
_t7 0 1046 2732 2 5 6 5 169 339 o_ 7j_
_t7 0 1113 3932 2 5 6 5 172 336 Bj_ 7j_
_t7 0 978 2824 2 5 5 5 352 297 Bk_ 7j_
_T7 0 705 2716 2 2 0 2 235 423 SIL 7j_
_T7 0 491 2250 2 2 1 2 109 255 QN_ 7j_
_T7 0 1102 5276 2 2 5 2 171 349 Iw_ 7j_
_T7 0 613 2556 2 2 6 2 115 304 ot_ 7j_
_tA 0 703 1984 2 5 6 5 534 653 ot_ Ak_
_Ta 0 913 2576 2 5 5 5 261 276 ot_ aN_
_Ta 0 1026 3018 2 1 2 1 323 354 Iw_ am_
_Ta 0 1277 3940 2 4 1 4 236 271 Bj_ aw_
_Ta 0 1386 4308 2 4 1 4 236 271 Bj_ aw_
_Ta 0 1002 4288 2 4 6 4 298 317 oj_ aw_
_Ta 0 715 2668 2 5 1 5 479 297 Bm_ aN_
_Ta 0 941 3874 2 5 6 5 298 301 ot_ aN_
_TE 0 1894 4930 2 4 1 4 134 360 a_ E_
_TE 0 1302 4146 2 1 1 1 185 415 oj_ Ew_
_TE 0 841 2394 2 1 0 1 282 504 SILS Ew_
_TE 0 815 2246 2 1 0 1 310 319 SIL Ew_
_TE 0 998 2990 2 1 0 1 260 353 SIL Ew_
_TM 0 1043 3248 2 5 5 5 151 426 Ak_ Mk_
_TM 0 680 2358 2 5 5 0 209 426 i_ Mk_
_TM 0 754 2434 2 5 5 5 207 363 i_ M_
_TM 0 1029 4454 2 5 2 5 226 394 Iw_ M_
_TO 0 1042 4650 2 4 0 4 530 212 SIL O_
_tO 0 665 2328 2 4 4 4 272 296 e_ O_
_To 0 1190 3314 2 1 5 1 193 327 Mk_ oN_
_To 0 754 2596 2 1 1 1 159 303 aw_ oN_
_To 0 900 2764 2 1 6 1 173 479 oN_ oN_
_tQ 0 570 1680 2 5 5 5 890 371 Bt_ Qk_
_tU 0 922 2518 2 4 2 4 157 356 Bj_ UN_
_tU 0 926 2632 2 6 6 6 268 837 Qk_ U_
_Tw7 0 813 3294 2 4 2 4 205 347 M_ 7_
_Twa 0 864 3096 2 4 6 4 459 429 aj_ a_
_twa 0 876 3176 2 2 2 2 524 272 an_ an_
_twa 0 699 3352 2 5 5 5 381 182 iN_ an_
_twa 0 503 2130 2 5 5 5 349 283 iN_ an_
_Twe 0 1122 3786 2 1 4 1 177 442 a_ e_
_twE 0 922 3124 2 1 6 1 499 717 IN_ E_
_Twi 0 1038 3608 2 4 6 4 142 297 o_ i_
_TwI 0 982 2832 2 5 5 5 141 236 iN_ It_
_twi 0 984 3310 2 1 0 1 213 342 SIL i_
_TwZ 0 1124 4150 2 6 3 6 317 326 i_ Zt_
_TwZ 0 1161 3788 2 6 3 6 179 231 i_ Zt_
_TY 0 792 2630 2 5 1 5 111 168 Zj_ Yk_
_TY 0 742 2312 2 5 5 5 66 98 e_ Yk_
_u 0 418 2660 2 5 1 5 122 64 Em_ ut_
_U 0 739 2822 2 5 6 5 114 213 En_ Uk_
_vB 0 1511 4194 2 1 0 1 440 193 SIL Bn_
_vi 0 523 1926 2 2 5 2 171 214 oN_ i_
_vi 0 1048 3270 2 2 0 2 250 258 SIL i_
_vi 0 1165 3560 2 2 1 2 180 208 UN_ i_
_vi 0 1002 3506 2 2 2 2 239 260 iN_ i_
_vO 0 1203 4350 2 3 4 3 540 207 aN_ O_
_vQ 0 1058 2942 2 2 1 2 247 110 M_ QN_
_vQ 0 758 2682 2 6 1 6 554 209 am_ QN_
_wa 0 570 2580 2 1 1 1 664 132 i_ aj_
_wi 0 256 2824 2 4 6 4 142 132 ik_ i_
_wZ 0 195 1544 2 5 0 5 505 222 SIL Zt_
_X7 0 1190 3282 2 1 2 1 183 232 aj_ 7j_
_XB 0 1794 4506 2 1 5 1 360 221 O_ Bn_
_XB 0 1427 3492 2 4 6 4 221 258 M_ BN_
_XE 0 725 2316 2 3 6 3 413 364 Bk_ E_
_Xe 0 1301 3656 2 3 6 3 223 206 Zp_ eN_
_XI 0 871 2724 2 1 5 1 185 300 Zt_ Im_
_XO 0 1357 3816 2 5 4 5 273 104 E_ O_
_XO 0 768 2004 2 4 1 4 215 92 a_ Oj_
_XO 0 734 2530 2 5 0 5 667 133 SIL O_
_XO 0 1143 3560 2 4 5 4 459 57 AN_ Oj_
_Xwa 0 1325 3258 2 1 4 1 146 38 aj_ a_
_Xwa 0 1305 4048 2 1 2 1 414 73 an_ an_
_XwE 0 1109 4540 2 4 5 4 653 149 Mk_ E_
_XwI 0 1251 3260 2 1 2 1 198 158 UN_ In_
_XwZ 0 1229 3320 2 4 1 4 290 94 i_ Zn_
_XZ 0 1097 2900 2 6 1 6 286 216 Zn_ Zp_
_z7 0 1366 3856 2 2 1 2 188 1197 aw_ 7_
_z7 0 1491 4918 2 2 1 2 155 506 Zj_ 7_
_z7 0 908 4572 2 5 1 5 186 424 am_ 7j_
_z7 0 1169 3754 2 5 3 5 120 524 M_ 7j_
_z7 0 1154 3286 2 2 1 2 265 1845 aw_ 7_
_ze 0 1509 3686 2 3 4 3 120 641 aj_ e_
_ze 0 1213 3044 2 3 5 3 184 635 Bj_ e_
_zI 0 1485 4070 2 1 6 1 161 881 an_ Im_
_zM 0 1487 3614 2 1 5 1 76 495 O_ M_
_zM 0 1321 3190 2 3 5 3 58 408 at_ M_
_zO 0 1510 4244 2 4 6 4 341 809 e_ Oj_
_zO 0 1289 3244 2 1 0 1 271 1775 SIL O_
_zO 0 1654 4432 2 1 6 1 285 600 E_ O_
_zO 0 1670 4684 2 1 0 1 384 876 SIL O_
_zQ 0 1121 3238 2 6 6 6 438 1207 Bj_ Qk_
_zU 0 1156 2908 2 6 3 6 138 1084 o_ U_
_zU 0 1442 3572 2 2 0 2 189 905 SIL UN_
_zwA 0 1745 4466 2 1 5 1 123 991 it_ AN_
_zZ 0 1319 3740 2 1 1 1 214 752 oN_ Zn_
_zZ 0 1170 3374 2 1 1 1 161 683 Zn_ Zn_
_zZ 0 934 2686 2 1 2 1 109 828 aw_ Zn_
_zZ 0 1145 3060 2 3 5 3 185 362 UN_ Zn_
_zZ 0 1294 3670 2 1 1 1 246 1054 oN_ Zn_
ap_ 0 557 2156 2 5 5 1 440 263 _fa _zi
ap_ 0 398 2132 2 5 5 6 340 338 _a _zu
Ek_ 0 597 3646 2 5 5 1 145 266 _hE _ta
ek_ 0 677 3238 2 6 6 1 199 500 _le _va
em_ 0 871 3156 2 2 2 6 228 391 _me _mo
En_ 0 724 4028 2 2 2 2 135 121 _dE _ku
En_ 0 1069 5648 2 1 1 0 199 229 _dE SIL
eN_ 0 1281 5920 2 3 3 2 130 181 _Xe _tM
eN_ 0 528 1550 2 6 6 1 327 591 _be _JZ
ep_ 0 867 4412 2 5 5 1 203 263 _be _cwI
Ep_ 0 903 4066 2 6 6 0 876 883 _dE SIL
Ep_ 0 885 3720 2 6 6 2 560 571 _dE _Ti
Ep_ 0 819 3570 2 5 5 1 295 287 _fE _Tu
ew_ 0 563 2240 2 2 2 6 223 170 _de _dU
ew_ 0 631 2112 2 5 5 2 238 225 _ne _vU
ew_ 0 475 2678 2 1 1 6 198 166 _ke _GO
I_ 0 698 1444 2 1 1 4 228 515 _cI _SE
I_ 0 1107 2356 2 1 1 4 238 509 _tI _tM
I_ 0 3465 7024 2 5 5 0 253 278 _mI SIL
Ik_ 0 631 3808 2 6 6 3 363 496 _vI _la
Ik_ 0 550 1994 2 5 5 2 79 104 _cI _dE
Ik_ 0 1206 4568 2 6 6 0 221 354 _vI SIL
Ik_ 0 1181 4454 2 6 6 0 308 447 _vI SIL
Ik_ 0 586 2620 2 6 6 6 175 177 _vI _nB
Ik_ 0 619 3008 2 6 6 6 328 264 _vI _JE
Ik_ 0 741 4422 2 6 6 6 166 312 _vI _vU
ip_ 0 667 2188 2 6 6 1 222 385 _ki _ra
Ip_ 0 645 4502 2 5 5 3 158 210 _hI _JM
Ip_ 0 465 2794 2 6 6 1 196 270 _NI _Ru
Ip_ 0 444 1414 2 5 5 5 195 311 _tI _su
it_ 0 441 2646 2 5 5 6 192 268 _i _fu
it_ 0 705 3758 2 5 5 2 91 259 _i _tI
Mj_ 0 1000 2714 2 4 4 5 195 257 _GM _de
Ot_ 0 1034 3104 2 6 6 1 451 170 _lO _ra
um_ 0 915 5072 2 2 2 1 105 51 _Ru _za
un_ 0 713 2720 2 1 1 2 272 104 _fu _mB
up_ 0 493 3072 2 5 5 3 66 51 _zu _d7
Up_ 0 632 3192 2 5 5 0 359 458 _kU _RB
Ut_ 0 741 4592 2 6 6 5 139 179 _vU _kwa
ut_ 0 452 3400 2 6 6 0 155 76 _ku SIL
ut_ 0 1046 4488 2 6 6 0 198 80 _ku SIL
ut_ 0 984 4386 2 5 5 0 95 62 _u SIL
Uw_ 0 736 4622 2 6 6 5 212 350 _rU _dA
Yt_ 0 655 2668 2 5 5 6 177 185 _SY _mo
Yt_ 0 713 4024 2 6 6 5 219 213 _cY _ce
Zk_ 0 563 3240 2 5 5 1 187 299 _JZ _cZ
